 0.00000000000000E+0000   1.04313167916367E+0002  0.00000000000000E+0000
 0.00000000000000E+0000  -4.81049557460796E+0001  0.00000000000000E+0000
 0.00000000000000E+0000   2.76816301060455E+0000  0.00000000000000E+0000
 1.66062143567245E+0002   1.66062143567245E+0002  0.00000000000000E+0000
 0.00000000000000E+0000   3.10154575544366E+0001  1.10000000000000E+0001
 0.00000000000000E+0000  -2.48128080987368E+0001  3.30000000000000E+0001
 1.53753473727103E+0002   1.53753473727103E+0002  3.20000000000000E+0001
 0.00000000000000E+0000   5.84550576835605E+0000  1.00000000000000E+0001
 0.00000000000000E+0000  -1.15427166415280E+0002  0.00000000000000E+0000
 3.74568388271949E+0002   3.74568388271949E+0002  0.00000000000000E+0000
 0.00000000000000E+0000   1.90376783118753E+0002  0.00000000000000E+0000
-2.14842228889294E+0002  -2.14842228889294E+0002  0.00000000000000E+0000
 0.00000000000000E+0000  -7.74415060846797E+0001  0.00000000000000E+0000
-1.77540613054152E+0002  -1.77540613054152E+0002  0.00000000000000E+0000
 0.00000000000000E+0000  -1.76010378097166E+0002  0.00000000000000E+0000
 0.00000000000000E+0000  -8.47020738272308E+0000  0.00000000000000E+0000
 0.00000000000000E+0000   7.20535431978118E+0001  0.00000000000000E+0000
 0.00000000000000E+0000  -5.80557652807507E+0001  0.00000000000000E+0000
-8.71264702060234E+0001  -8.71264702060234E+0001  0.00000000000000E+0000
 0.00000000000000E+0000  -5.51097382103056E+0001  0.00000000000000E+0000
 1.61852668182712E+0002   1.61852668182712E+0002  0.00000000000000E+0000
 0.00000000000000E+0000   3.95844641301973E+0001  0.00000000000000E+0000
-2.00040363195145E+0002  -2.00040363195145E+0002  0.00000000000000E+0000
 1.53753473727103E+0002   1.24225715872558E+0001  0.00000000000000E+0000
 0.00000000000000E+0000   6.05662756323677E+0000  0.00000000000000E+0000
 0.00000000000000E+0000   3.37076518019358E+0001  0.00000000000000E+0000
-1.71009391951584E+0002  -1.71009391951584E+0002  0.00000000000000E+0000
 0.00000000000000E+0000   3.61032498016728E+0001  0.00000000000000E+0000
 6.50559354251629E+0001   6.50559354251629E+0001  0.00000000000000E+0000
 0.00000000000000E+0000   5.06042757334693E+0001  0.00000000000000E+0000
-1.77540613054152E+0002   1.71337547559131E+0001  0.00000000000000E+0000
 0.00000000000000E+0000  -1.08022163170986E+0001  0.00000000000000E+0000
-9.90305154673869E+0001  -9.90305154673869E+0001  0.00000000000000E+0000
 0.00000000000000E+0000   5.81956196004085E+0001  0.00000000000000E+0000
 0.00000000000000E+0000  -9.00647680846758E+0001  0.00000000000000E+0000
-2.29355379649204E+0002  -2.29355379649204E+0002  0.00000000000000E+0000
 0.00000000000000E+0000  -1.40430489281564E+0002  0.00000000000000E+0000
-1.92972397135205E+0002  -1.92972397135205E+0002  0.00000000000000E+0000
 0.00000000000000E+0000  -1.77779900857068E+0002  0.00000000000000E+0000
 0.00000000000000E+0000  -1.64211784031667E+0002  0.00000000000000E+0000
-2.20744355330370E+0002  -2.20744355330370E+0002  0.00000000000000E+0000
 0.00000000000000E+0000  -1.58777920071008E+0001  0.00000000000000E+0000
 0.00000000000000E+0000   6.03396694945758E-0001  0.00000000000000E+0000
 0.00000000000000E+0000  -3.00744457204085E+0001  0.00000000000000E+0000
 0.00000000000000E+0000  -1.89265592100720E+0002  0.00000000000000E+0000
-4.55512848319542E+0002  -4.55512848319542E+0002  3.00000000000000E+0000
 0.00000000000000E+0000   1.22297669775881E+0002  1.10000000000000E+0001
-1.43042690779575E+0002  -1.43042690779575E+0002  1.20000000000000E+0001
 0.00000000000000E+0000   9.26548268362314E+0001  4.00000000000000E+0000
 0.00000000000000E+0000  -6.62636437639587E+0001  0.00000000000000E+0000
 0.00000000000000E+0000  -2.61232428181173E+0002  0.00000000000000E+0000
-8.71264702060234E+0001   2.30072697108821E+0001  0.00000000000000E+0000
 0.00000000000000E+0000   2.04256155462474E+0001  0.00000000000000E+0000
 1.61852668182712E+0002  -9.51048640963781E+0001  0.00000000000000E+0000
-1.82236873053846E+0002  -1.82236873053846E+0002  0.00000000000000E+0000
-2.00040363195145E+0002   1.33205918343531E+0002  0.00000000000000E+0000
 1.53753473727103E+0002  -2.09635810861327E+0001  0.00000000000000E+0000
 0.00000000000000E+0000   2.27122152889623E+0001  0.00000000000000E+0000
 0.00000000000000E+0000  -4.17061254343410E+0001  0.00000000000000E+0000
 1.45147664634511E+0002   1.45147664634511E+0002  0.00000000000000E+0000
 0.00000000000000E+0000   7.77824347213046E+0001  0.00000000000000E+0000
-8.65971385210118E+0001  -8.65971385210118E+0001  0.00000000000000E+0000
 0.00000000000000E+0000   2.73474859036564E+0001  0.00000000000000E+0000
-1.77540613054152E+0002  -1.01284885833307E+0002  0.00000000000000E+0000
-1.67806299645458E+0002  -1.67806299645458E+0002  0.00000000000000E+0000
-9.90305154673869E+0001   2.44605208444521E+0001  0.00000000000000E+0000
 2.11700942511950E+0002   2.11700942511950E+0002  1.10000000000000E+0001
 0.00000000000000E+0000   1.71863068663385E+0002  2.20000000000000E+0001
-2.29355379649204E+0002  -5.59874627557692E+0001  1.10000000000000E+0001
 0.00000000000000E+0000   2.98057771591434E+0001  0.00000000000000E+0000
 1.32355389555187E+0002   1.32355389555187E+0002  0.00000000000000E+0000
 0.00000000000000E+0000  -2.90278852169859E+0001  0.00000000000000E+0000
 0.00000000000000E+0000   1.53307210382697E+0002  0.00000000000000E+0000
-1.63478437900074E+0002  -1.63478437900074E+0002  0.00000000000000E+0000
 0.00000000000000E+0000   1.67632464141448E+0001  0.00000000000000E+0000
 0.00000000000000E+0000   1.20169615089110E+0001  0.00000000000000E+0000
 0.00000000000000E+0000   1.00317662250495E+0002  0.00000000000000E+0000
 0.00000000000000E+0000   1.58533393419905E+0002  0.00000000000000E+0000
 2.55767800127147E+0002   2.55767800127147E+0002  0.00000000000000E+0000
 0.00000000000000E+0000  -2.25048886457554E+0001  0.00000000000000E+0000
 1.61865120194428E+0002   1.61865120194428E+0002  0.00000000000000E+0000
 0.00000000000000E+0000  -6.47053550481918E+0001  0.00000000000000E+0000
 0.00000000000000E+0000   7.73602462963600E+0001  0.00000000000000E+0000
-7.80264588635603E+0001  -7.80264588635603E+0001  0.00000000000000E+0000
 0.00000000000000E+0000  -8.51999413847178E+0000  0.00000000000000E+0000
 0.00000000000000E+0000  -2.57538809106696E+0001  7.00000000000000E+0000
 0.00000000000000E+0000   1.00919350233043E+0002  1.50000000000000E+0001
 0.00000000000000E+0000   1.41660748678473E+0002  7.00000000000000E+0000
 1.63608692575901E+0002   1.63608692575901E+0002  1.00000000000000E+0000
 0.00000000000000E+0000  -1.05142238647010E+0002  5.00000000000000E+0000
 1.22385893934206E+0002   1.22385893934206E+0002  8.00000000000000E+0000
 0.00000000000000E+0000  -1.38482797324104E+0001  3.00000000000000E+0000
 0.00000000000000E+0000   5.36774900863258E+0001  0.00000000000000E+0000
 0.00000000000000E+0000   2.20665286205790E+0002  0.00000000000000E+0000
 3.02020879333489E+0002   3.02020879333489E+0002  0.00000000000000E+0000
 0.00000000000000E+0000   3.71408956707441E+0000  0.00000000000000E+0000
 2.59814013315335E+0002   2.59814013315335E+0002  0.00000000000000E+0000
 0.00000000000000E+0000  -1.26713131034241E+0002  0.00000000000000E+0000
 1.72904413195279E+0002   1.72904413195279E+0002  0.00000000000000E+0000
 0.00000000000000E+0000  -4.89519621438654E+0001  0.00000000000000E+0000
 0.00000000000000E+0000   9.48974455527708E+0001  0.00000000000000E+0000
 1.01352094574179E+0002   1.01352094574179E+0002  0.00000000000000E+0000
 0.00000000000000E+0000   8.95618140146736E+0001  0.00000000000000E+0000
 0.00000000000000E+0000  -1.58653238484838E+0002  0.00000000000000E+0000
 2.00623399154799E+0002   2.00623399154799E+0002  0.00000000000000E+0000
 0.00000000000000E+0000   2.54628173378460E+0001  0.00000000000000E+0000
 2.40899635939564E+0002   2.40899635939564E+0002  0.00000000000000E+0000
 0.00000000000000E+0000  -1.22729496823997E+0002  0.00000000000000E+0000
 0.00000000000000E+0000   7.23322041315820E+0001  0.00000000000000E+0000
 0.00000000000000E+0000  -3.66685016866175E+0001  0.00000000000000E+0000
 0.00000000000000E+0000   1.65280671670133E+0001  0.00000000000000E+0000
 0.00000000000000E+0000   1.54945200127562E+0001  0.00000000000000E+0000
 0.00000000000000E+0000  -2.03112761722166E+0000  0.00000000000000E+0000
 0.00000000000000E+0000   1.40266181489581E+0001  0.00000000000000E+0000
 0.00000000000000E+0000   4.81569255181961E+0001  0.00000000000000E+0000
 0.00000000000000E+0000   9.45518795986275E+0000  0.00000000000000E+0000
-8.71264702060234E+0001   7.83388919771868E+0000  0.00000000000000E+0000
-1.05310076493956E+0001  -1.05310076493956E+0001  1.00000000000000E+0000
 1.61852668182712E+0002  -1.52926717600246E+0000  3.00000000000000E+0000
 2.05495499012237E+0000   2.05495499012237E+0000  1.00000000000000E+0000
-2.00040363195145E+0002  -6.49343583704286E-0001  0.00000000000000E+0000
 1.53753473727103E+0002   3.49047961620701E-0001  0.00000000000000E+0000
 0.00000000000000E+0000  -1.11191626642705E+0001  0.00000000000000E+0000
 0.00000000000000E+0000  -5.38730388510751E+0001  0.00000000000000E+0000
-1.09892563331118E+0002  -1.09892563331118E+0002  0.00000000000000E+0000
 0.00000000000000E+0000   3.94937680380172E+0001  0.00000000000000E+0000
-8.65971385210118E+0001  -3.24817121508579E+0001  0.00000000000000E+0000
 6.53397837287591E+0001   6.53397837287591E+0001  0.00000000000000E+0000
-1.77540613054152E+0002  -2.67143093541880E+0001  0.00000000000000E+0000
-1.67806299645458E+0002   6.80116240621316E+0000  0.00000000000000E+0000
 1.60889341684315E+0001   1.60889341684315E+0001  1.00000000000000E+0001
 2.11700942511950E+0002   5.80151834320302E+0000  2.10000000000000E+0001
 0.00000000000000E+0000  -8.15239579878349E+0001  1.00000000000000E+0001
-1.61472988838179E+0002  -1.61472988838179E+0002  1.30000000000000E+0001
 0.00000000000000E+0000   1.13941204117446E+0002  9.00000000000000E+0001
 1.32355389555187E+0002  -3.49058661920705E+0001  2.04000000000000E+0002
 0.00000000000000E+0000   1.89861544653355E+0001  2.55000000000000E+0002
-2.02788853555352E+0001  -2.02788853555352E+0001  2.55000000000000E+0002
-1.63478437900074E+0002  -1.84147734763552E+0001  2.55000000000000E+0002
 0.00000000000000E+0000  -7.22483964765033E+0000  2.55000000000000E+0002
 0.00000000000000E+0000  -7.51805575910321E+0000  2.55000000000000E+0002
 0.00000000000000E+0000  -2.50577841087810E+0001  2.55000000000000E+0002
 0.00000000000000E+0000   2.52281490723263E+0001  2.55000000000000E+0002
 2.55767800127147E+0002  -3.02884061803094E+0001  2.55000000000000E+0002
-1.65003325875160E+0002  -1.65003325875160E+0002  2.55000000000000E+0002
 1.61865120194428E+0002  -1.45879482765961E+0001  2.52000000000000E+0002
 2.28684315586352E+0001   2.28684315586352E+0001  2.16000000000000E+0002
 0.00000000000000E+0000  -7.67050130934020E+0000  1.36000000000000E+0002
-7.80264588635603E+0001   1.23643184272932E+0000  7.20000000000000E+0001
 4.07990642284880E+0000   4.07990642284880E+0000  5.40000000000000E+0001
 0.00000000000000E+0000   1.17098104438717E-0001  4.70000000000000E+0001
 0.00000000000000E+0000  -1.61646129032026E+0001  3.90000000000000E+0001
 0.00000000000000E+0000  -3.46636744907976E+0001  4.10000000000000E+0001
-1.31184126007494E+0002  -1.31184126007494E+0002  4.10000000000000E+0001
 0.00000000000000E+0000  -3.99571973427043E+0001  4.00000000000000E+0001
 1.22385893934206E+0002   1.14581051187507E+0001  3.20000000000000E+0001
 0.00000000000000E+0000  -1.70515785569686E+0001  1.20000000000000E+0001
 4.38558416089703E+0001   4.38558416089703E+0001  0.00000000000000E+0000
 0.00000000000000E+0000   1.43743240458418E+0001  0.00000000000000E+0000
 3.02020879333489E+0002   1.23598237514377E+0002  0.00000000000000E+0000
-3.74711011883896E+0002  -3.74711011883896E+0002  0.00000000000000E+0000
 2.59814013315335E+0002   1.19440167814447E+0002  0.00000000000000E+0000
 0.00000000000000E+0000   2.11239072025143E+0001  0.00000000000000E+0000
 1.72904413195279E+0002  -2.53604554390555E+0001  0.00000000000000E+0000
-2.21806990406154E+0002  -2.21806990406154E+0002  0.00000000000000E+0000
 0.00000000000000E+0000   1.10092466213328E+0002  0.00000000000000E+0000
 1.01352094574179E+0002  -9.30880267076185E+0001  0.00000000000000E+0000
 0.00000000000000E+0000  -4.40517961274327E+0001  0.00000000000000E+0000
-1.58465110405696E+0002  -1.58465110405696E+0002  0.00000000000000E+0000
 2.00623399154799E+0002   6.65708127690602E+0001  0.00000000000000E+0000
 0.00000000000000E+0000   1.66135534853298E+0001  0.00000000000000E+0000
 5.55755279111383E+0001   5.55755279111383E+0001  0.00000000000000E+0000
 0.00000000000000E+0000  -5.23782668879522E+0001  0.00000000000000E+0000
 0.00000000000000E+0000   1.70589151119691E+0001  0.00000000000000E+0000
 0.00000000000000E+0000  -5.96721102739179E-0001  0.00000000000000E+0000
 0.00000000000000E+0000  -3.97843841190892E+0000  0.00000000000000E+0000
 1.61349872018108E+0002   1.61349872018108E+0002  0.00000000000000E+0000
 0.00000000000000E+0000  -6.01244692814677E+0001  0.00000000000000E+0000
 0.00000000000000E+0000   5.00923518543886E+0001  0.00000000000000E+0000
 0.00000000000000E+0000   1.78446724005522E+0000  0.00000000000000E+0000
-1.21182209842589E+0002  -1.21182209842589E+0002  0.00000000000000E+0000
 0.00000000000000E+0000  -3.88565086894958E+0001  0.00000000000000E+0000
 6.79749967160932E+0001   6.79749967160932E+0001  0.00000000000000E+0000
 0.00000000000000E+0000  -5.07511571855640E+0001  0.00000000000000E+0000
 0.00000000000000E+0000  -5.43977403559306E+0001  0.00000000000000E+0000
-5.87956516185227E+0001  -5.87956516185227E+0001  0.00000000000000E+0000
 0.00000000000000E+0000  -3.83304436267181E+0001  1.80000000000000E+0001
 0.00000000000000E+0000  -3.15277302352663E+0001  3.60000000000000E+0001
-5.36935259330181E+0001  -5.36935259330181E+0001  1.80000000000000E+0001
 0.00000000000000E+0000   4.82693083112298E+0001  0.00000000000000E+0000
 0.00000000000000E+0000  -7.64802945262708E+0000  0.00000000000000E+0000
-3.23958188100243E+0001  -3.23958188100243E+0001  0.00000000000000E+0000
 0.00000000000000E+0000  -2.47661822957083E+0001  0.00000000000000E+0000
 3.02331834984849E+0001   3.02331834984849E+0001  0.00000000000000E+0000
 0.00000000000000E+0000  -9.35895330827756E+0000  0.00000000000000E+0000
 0.00000000000000E+0000  -8.15787901355757E+0000  0.00000000000000E+0000
 0.00000000000000E+0000   7.03276983969455E+0001  0.00000000000000E+0000
-7.41973104593336E+0001  -7.41973104593336E+0001  0.00000000000000E+0000
 0.00000000000000E+0000   5.39725040221121E+0001  0.00000000000000E+0000
 1.10520044412365E+0002   1.10520044412365E+0002  0.00000000000000E+0000
 0.00000000000000E+0000  -5.85930337156769E+0001  0.00000000000000E+0000
 0.00000000000000E+0000  -8.65883985089306E+0001  0.00000000000000E+0000
 1.05116703923093E+0002   1.05116703923093E+0002  6.00000000000000E+0000
 0.00000000000000E+0000  -9.29420138043956E+0000  1.90000000000000E+0001
 8.78754722613031E+0001   8.78754722613031E+0001  1.80000000000000E+0001
 0.00000000000000E+0000  -2.69237529098205E+0001  6.00000000000000E+0000
 0.00000000000000E+0000   3.77837520309885E+0001  6.30000000000000E+0001
-4.59902987561267E+0001  -4.59902987561267E+0001  1.91000000000000E+0002
 0.00000000000000E+0000  -3.15237033867720E+0001  2.25000000000000E+0002
 0.00000000000000E+0000  -2.64149797356467E+0001  2.54000000000000E+0002
 4.83423945134624E+0001   4.83423945134624E+0001  1.05000000000000E+0002
 0.00000000000000E+0000   7.13636016853308E+0000  6.90000000000000E+0001
-4.36344695175665E+0001  -4.36344695175665E+0001  3.10000000000000E+0001
 0.00000000000000E+0000  -4.32184341527705E+0001  6.00000000000000E+0000
 5.12554825940054E+0001   5.12554825940054E+0001  0.00000000000000E+0000
 0.00000000000000E+0000   4.75680645986156E+0001  0.00000000000000E+0000
-1.93734030148163E+0002  -1.93734030148163E+0002  0.00000000000000E+0000
 0.00000000000000E+0000  -3.51180415906005E+0001  0.00000000000000E+0000
 1.16255267560017E+0002   1.16255267560017E+0002  0.00000000000000E+0000
 0.00000000000000E+0000   6.91941911508719E+0001  0.00000000000000E+0000
 0.00000000000000E+0000  -4.41814259912355E+0001  0.00000000000000E+0000
-6.62899296074051E+0001  -6.62899296074051E+0001  2.00000000000000E+0000
 0.00000000000000E+0000   1.45639934797442E+0001  5.00000000000000E+0000
 0.00000000000000E+0000  -1.11038441387323E+0002  2.00000000000000E+0000
-1.36184321533144E+0002  -1.36184321533144E+0002  0.00000000000000E+0000
 0.00000000000000E+0000  -1.95157306945125E+0001  0.00000000000000E+0000
 5.32822040071823E+0001   5.32822040071823E+0001  0.00000000000000E+0000
 0.00000000000000E+0000  -2.14568058204873E+0001  0.00000000000000E+0000
-1.36760147125701E+0002  -1.36760147125701E+0002  0.00000000000000E+0000
 0.00000000000000E+0000   2.12080528826417E+0001  0.00000000000000E+0000
 0.00000000000000E+0000   1.02997116635653E+0001  0.00000000000000E+0000
 0.00000000000000E+0000   1.92221242431867E+0002  0.00000000000000E+0000
 2.16005863626230E+0002   2.16005863626230E+0002  0.00000000000000E+0000
 0.00000000000000E+0000  -1.00461302453746E+0002  0.00000000000000E+0000
 0.00000000000000E+0000   2.44211045738174E+0001  0.00000000000000E+0000
 0.00000000000000E+0000  -8.00430028532769E+0001  0.00000000000000E+0000
 0.00000000000000E+0000  -1.13823041593911E+0002  0.00000000000000E+0000
-1.21288004157593E+0002  -1.21288004157593E+0002  0.00000000000000E+0000
 0.00000000000000E+0000   9.66722796238746E+0001  0.00000000000000E+0000
 0.00000000000000E+0000  -4.37115716602030E+0001  0.00000000000000E+0000
 0.00000000000000E+0000   1.25246732101855E+0001  0.00000000000000E+0000
 0.00000000000000E+0000  -4.95625095705908E+0000  0.00000000000000E+0000
 0.00000000000000E+0000  -7.32699592879210E+0000  0.00000000000000E+0000
 0.00000000000000E+0000   7.82269831412109E+0000  3.00000000000000E+0000
 0.00000000000000E+0000  -1.97155652270403E+0000  3.00000000000000E+0000
-8.71264702060234E+0001   1.33112394641602E+0000  1.10000000000000E+0001
-1.05310076493956E+0001  -4.41707135777048E-0001  1.20000000000000E+0001
 1.61852668182712E+0002   4.67627198680597E-0002  1.70000000000000E+0001
 2.05495499012237E+0000  -3.92732834602742E-0001  3.20000000000000E+0001
-2.00040363195145E+0002  -2.43469535955300E+0000  3.30000000000000E+0001
-6.81145500582948E+0000  -6.81145500582948E+0000  1.80000000000000E+0001
 0.00000000000000E+0000   5.06702268052459E+0000  5.00000000000000E+0000
 0.00000000000000E+0000  -1.50093707151159E+0000  0.00000000000000E+0000
-1.09892563331118E+0002   2.78785610724508E-0001  0.00000000000000E+0000
 0.00000000000000E+0000  -3.73575848246156E+0000  0.00000000000000E+0000
-1.36861858691878E+0001  -1.36861858691878E+0001  0.00000000000000E+0000
 6.53397837287591E+0001   1.31367595861325E+0000  3.00000000000000E+0000
 1.51733861029852E+0000   1.51733861029852E+0000  6.00000000000000E+0000
-1.67806299645458E+0002   4.93099658524402E-0001  3.00000000000000E+0000
 4.71964311953004E+0000   4.71964311953004E+0000  0.00000000000000E+0000
 2.11700942511950E+0002   1.46889315965485E+0000  0.00000000000000E+0000
-4.81277647018470E+0000  -4.81277647018470E+0000  0.00000000000000E+0000
-1.61472988838179E+0002   3.58960383202860E-0001  0.00000000000000E+0000
 0.00000000000000E+0000   3.82978754505394E-0001  0.00000000000000E+0000
-4.65826276429765E-0001  -4.65826276429765E-0001  0.00000000000000E+0000
 0.00000000000000E+0000   3.11449006128861E-0001  0.00000000000000E+0000
-2.02788853555352E+0001   1.25581705058840E-0001  8.00000000000000E+0000
-1.63478437900074E+0002   1.07835525353817E+0000  2.40000000000000E+0001
 1.63331037708162E+0000   1.63331037708162E+0000  2.30000000000000E+0001
 0.00000000000000E+0000   8.07356796115542E-0001  8.00000000000000E+0000
 0.00000000000000E+0000   1.21285623872455E+0001  4.00000000000000E+0000
 0.00000000000000E+0000   1.73908090269288E+0001  9.00000000000000E+0000
-6.76637943884048E+0001  -6.76637943884048E+0001  2.90000000000000E+0001
-1.65003325875160E+0002   2.06066287743539E+0001  6.00000000000000E+0001
 1.61865120194428E+0002  -1.24467942138858E+0001  6.60000000000000E+0001
 5.98896781345658E+0001   5.98896781345658E+0001  3.80000000000000E+0001
 0.00000000000000E+0000  -3.23298595949022E+0001  1.00000000000000E+0001
-7.80264588635603E+0001   3.12337433367802E+0001  0.00000000000000E+0000
 4.07990642284880E+0000  -2.62551634645422E+0001  0.00000000000000E+0000
 0.00000000000000E+0000   1.51870561726877E+0001  0.00000000000000E+0000
 0.00000000000000E+0000  -7.09355476874112E+0000  0.00000000000000E+0000
 0.00000000000000E+0000   2.49712953824908E+0000  0.00000000000000E+0000
-1.31184126007494E+0002  -3.80825799702915E-0001  0.00000000000000E+0000
 0.00000000000000E+0000   2.43980081964802E+0000  2.00000000000000E+0000
 1.06982019985626E+0001   1.06982019985626E+0001  1.70000000000000E+0001
 0.00000000000000E+0000  -3.85869230343055E+0000  2.60000000000000E+0001
-1.23952276007358E+0001  -1.23952276007358E+0001  1.20000000000000E+0001
 0.00000000000000E+0000   9.35936944125367E+0000  0.00000000000000E+0000
 3.02020879333489E+0002   1.40833736086825E+0000  0.00000000000000E+0000
-3.74711011883896E+0002  -4.87679968779910E+0000  0.00000000000000E+0000
-1.09723271493190E+0002  -1.09723271493190E+0002  1.30000000000000E+0001
 0.00000000000000E+0000   5.38861677489565E+0001  2.70000000000000E+0001
 1.72904413195279E+0002  -2.31548931994119E+0001  1.30000000000000E+0001
-2.21806990406154E+0002   2.09149473460964E+0001  0.00000000000000E+0000
 0.00000000000000E+0000  -1.35432687922173E+0001  6.10000000000000E+0001
 1.01352094574179E+0002   7.29682698207976E+0000  1.86000000000000E+0002
 0.00000000000000E+0000  -2.09650199389099E+0000  2.25000000000000E+0002
-1.58465110405696E+0002  -3.70026888259853E-0001  1.67000000000000E+0002
 2.00623399154799E+0002  -1.15195814915240E+0000  3.60000000000000E+0001
 0.00000000000000E+0000  -3.27024605588886E+0000  0.00000000000000E+0000
-1.03090479571379E+0001  -1.03090479571379E+0001  0.00000000000000E+0000
 0.00000000000000E+0000  -4.29812634310023E+0000  7.00000000000000E+0000
 0.00000000000000E+0000   1.96294271841693E+0000  2.00000000000000E+0001
 0.00000000000000E+0000  -4.17941505137690E-0001  1.90000000000000E+0001
 1.01033703153653E+0001   1.01033703153653E+0001  6.00000000000000E+0000
 1.61349872018108E+0002   8.87343009054419E-0001  0.00000000000000E+0000
-3.75299000513002E+0001  -3.75299000513002E+0001  0.00000000000000E+0000
 0.00000000000000E+0000   3.56202196979988E+0001  0.00000000000000E+0000
 0.00000000000000E+0000  -1.61512079006785E+0001  0.00000000000000E+0000
-1.21182209842589E+0002  -4.50806678093100E+0000  0.00000000000000E+0000
 0.00000000000000E+0000   1.66000895181164E+0001  0.00000000000000E+0000
 8.57548424057212E+0001   8.57548424057212E+0001  0.00000000000000E+0000
 0.00000000000000E+0000  -2.41907637831974E+0001  0.00000000000000E+0000
-8.37942174224635E+0001  -8.37942174224635E+0001  0.00000000000000E+0000
-5.87956516185227E+0001   7.69738363326398E+0001  0.00000000000000E+0000
 0.00000000000000E+0000  -3.88783307695066E+0001  1.00000000000000E+0000
 0.00000000000000E+0000   1.45599704784771E+0001  0.00000000000000E+0000
-5.36935259330181E+0001  -2.96342016486928E+0000  0.00000000000000E+0000
 0.00000000000000E+0000   1.56901764706777E-0001  0.00000000000000E+0000
 0.00000000000000E+0000  -3.67856823642799E-0002  0.00000000000000E+0000
-3.23958188100243E+0001  -1.14921422073158E+0000  0.00000000000000E+0000
 0.00000000000000E+0000  -1.86385814252751E+0000  0.00000000000000E+0000
 3.59905473651741E+0000   3.59905473651741E+0000  0.00000000000000E+0000
 0.00000000000000E+0000  -1.15449655987877E+0000  0.00000000000000E+0000
 0.00000000000000E+0000   1.55901826727136E+0000  0.00000000000000E+0000
 0.00000000000000E+0000   2.92975631215003E+0000  0.00000000000000E+0000
 1.71125521622434E+0001   1.71125521622434E+0001  0.00000000000000E+0000
 0.00000000000000E+0000   4.13120571962993E+0000  0.00000000000000E+0000
-8.29343384166307E+0000  -8.29343384166307E+0000  0.00000000000000E+0000
 0.00000000000000E+0000  -2.65769828594540E+0000  0.00000000000000E+0000
 9.65548502267096E+0001   9.65548502267096E+0001  0.00000000000000E+0000
 1.05116703923093E+0002  -8.33479976306872E+0001  0.00000000000000E+0000
 0.00000000000000E+0000   5.69666149307685E+0001  0.00000000000000E+0000
 8.78754722613031E+0001  -1.42431755918085E+0001  3.00000000000000E+0000
 0.00000000000000E+0000   1.40379800863223E+0001  7.00000000000000E+0000
-2.38211705708056E+0001  -2.38211705708056E+0001  3.00000000000000E+0000
-4.59902987561267E+0001   1.48203924217297E+0001  0.00000000000000E+0000
 0.00000000000000E+0000  -5.65264780307176E+0000  0.00000000000000E+0000
 0.00000000000000E+0000   1.77107893458113E+0001  0.00000000000000E+0000
 4.83423945134624E+0001   2.46380487679723E+0001  0.00000000000000E+0000
 0.00000000000000E+0000   5.58352959113882E+0001  0.00000000000000E+0000
-1.05459336664794E+0002  -1.05459336664794E+0002  0.00000000000000E+0000
 0.00000000000000E+0000   2.65927172879789E+0001  0.00000000000000E+0000
 5.12554825940054E+0001   3.60634625680149E+0001  0.00000000000000E+0000
 5.77686449829065E+0001   5.77686449829065E+0001  0.00000000000000E+0000
-1.93734030148163E+0002  -5.30746409309766E+0000  0.00000000000000E+0000
 0.00000000000000E+0000  -3.53324559596308E+0001  0.00000000000000E+0000
 5.61623877369753E+0001   5.61623877369753E+0001  3.00000000000000E+0000
 0.00000000000000E+0000  -4.14918221947067E+0000  7.00000000000000E+0000
 0.00000000000000E+0000   1.08357419336056E+0001  1.20000000000000E+0001
-6.62899296074051E+0001  -2.70427968144440E+0001  2.40000000000000E+0001
 0.00000000000000E+0000   7.59081140181970E+0001  2.90000000000000E+0001
-1.17247861122958E+0002  -1.17247861122958E+0002  2.00000000000000E+0001
-1.36184321533144E+0002   8.14724454110918E+0001  7.00000000000000E+0000
 0.00000000000000E+0000  -2.86413194844720E+0001  0.00000000000000E+0000
 5.32822040071823E+0001   8.89463889131996E+0000  0.00000000000000E+0000
 0.00000000000000E+0000  -2.59622706085342E+0001  0.00000000000000E+0000
-1.36760147125701E+0002   4.69282168741175E+0001  0.00000000000000E+0000
 0.00000000000000E+0000  -4.87712686719505E+0001  0.00000000000000E+0000
 0.00000000000000E+0000   6.99676985183087E+0001  3.10000000000000E+0001
-1.40515520031577E+0002  -1.40515520031577E+0002  6.20000000000000E+0001
 2.16005863626230E+0002   5.83949483203431E+0001  3.20000000000000E+0001
 0.00000000000000E+0000  -3.58847955267803E+0000  0.00000000000000E+0000
 0.00000000000000E+0000   1.44424167645646E+0000  0.00000000000000E+0000
 0.00000000000000E+0000  -8.07021064201256E+0000  7.00000000000000E+0000
 0.00000000000000E+0000  -1.05257312415070E+0001  6.30000000000000E+0001
-2.65993325288070E+0001  -2.65993325288070E+0001  1.87000000000000E+0002
 0.00000000000000E+0000   2.59014787090287E+0001  1.75000000000000E+0002
 0.00000000000000E+0000  -1.24218704004845E+0001  2.36000000000000E+0002
 0.00000000000000E+0000  -1.64316655899606E+0000  6.20000000000000E+0001
-3.35668856926602E+0001  -3.35668856926602E+0001  8.30000000000000E+0001
 0.00000000000000E+0000   9.63229657951530E+0000  2.40000000000000E+0001
 3.85607410162606E+0001   3.85607410162606E+0001  1.00000000000000E+0000
 0.00000000000000E+0000  -1.88845208494213E+0001  0.00000000000000E+0000
 0.00000000000000E+0000   6.69648193040334E+0001  0.00000000000000E+0000
 8.61206635993942E+0001   8.61206635993942E+0001  3.00000000000000E+0000
 0.00000000000000E+0000  -8.54499439852110E+0001  6.00000000000000E+0000
 0.00000000000000E+0000   6.03010111482855E+0001  6.00000000000000E+0000
 0.00000000000000E+0000  -4.16571651916330E+0001  7.00000000000000E+0000
 0.00000000000000E+0000   1.85932705157473E+0001  3.00000000000000E+0000
 0.00000000000000E+0000  -1.12621421527855E+0001  5.00000000000000E+0000
 0.00000000000000E+0000   2.29161907629695E+0000  1.00000000000000E+0001
 0.00000000000000E+0000  -2.82983677628076E+0001  1.70000000000000E+0001
-6.78911312860220E+0001  -6.78911312860220E+0001  4.30000000000000E+0001
 0.00000000000000E+0000  -1.30579836616115E+0001  5.40000000000000E+0001
 0.00000000000000E+0000  -3.51002000679340E+0001  2.60000000000000E+0001
 6.64311609629970E+0001   6.64311609629970E+0001  3.00000000000000E+0000
 0.00000000000000E+0000  -2.77986629480429E+0001  0.00000000000000E+0000
-3.43112808809647E+0001  -3.43112808809647E+0001  0.00000000000000E+0000
 0.00000000000000E+0000   1.89131712298222E+0001  1.00000000000000E+0000
 0.00000000000000E+0000  -5.10892302280298E+0000  2.00000000000000E+0000
 2.75090593854505E+0001   2.75090593854505E+0001  1.00000000000000E+0000
 0.00000000000000E+0000   1.53107431237771E+0001  0.00000000000000E+0000
-5.14775190534936E+0001  -5.14775190534936E+0001  0.00000000000000E+0000
 0.00000000000000E+0000   3.59718050837426E+0001  0.00000000000000E+0000
 0.00000000000000E+0000  -1.94410995604574E+0001  0.00000000000000E+0000
 0.00000000000000E+0000  -1.34749648830875E+0001  0.00000000000000E+0000
 3.90633498482814E+0001   3.90633498482814E+0001  2.00000000000000E+0000
 0.00000000000000E+0000  -7.68039121895121E+0000  7.00000000000000E+0000
 0.00000000000000E+0000   4.56822376986096E+0001  7.00000000000000E+0000
-4.72645831305371E+0001  -4.72645831305371E+0001  2.00000000000000E+0000
 0.00000000000000E+0000   1.36151536184847E+0001  0.00000000000000E+0000
 0.00000000000000E+0000   2.55702461902255E+0000  0.00000000000000E+0000
 0.00000000000000E+0000  -1.99196742885351E+0000  7.00000000000000E+0000
-1.50494160614233E+0001  -1.50494160614233E+0001  4.30000000000000E+0001
 0.00000000000000E+0000  -8.57501815875803E+0000  8.10000000000000E+0001
 0.00000000000000E+0000   4.64519352858038E+0000  8.20000000000000E+0001
 0.00000000000000E+0000   9.14879606977302E+0000  2.31000000000000E+0002
-2.32000342566862E+0001  -2.32000342566862E+0001  1.54000000000000E+0002
 0.00000000000000E+0000   1.31120021934432E+0001  1.37000000000000E+0002
 0.00000000000000E+0000   4.98621273662524E+0000  1.88000000000000E+0002
 0.00000000000000E+0000   4.76876070057490E+0000  2.01000000000000E+0002
-1.73339784989770E+0001  -1.73339784989770E+0001  2.55000000000000E+0002
 0.00000000000000E+0000   5.22303346117665E+0000  2.17000000000000E+0002
 0.00000000000000E+0000  -3.32529505766623E+0000  2.53000000000000E+0002
 0.00000000000000E+0000   3.81438247504278E+0001  4.50000000000000E+0001
-4.71477937119192E+0001  -4.71477937119192E+0001  1.00000000000000E+0001
 0.00000000000000E+0000   2.96228112150566E+0001  0.00000000000000E+0000
-3.73698456295156E+0001  -3.73698456295156E+0001  0.00000000000000E+0000
 0.00000000000000E+0000   3.04232170144919E+0001  0.00000000000000E+0000
 0.00000000000000E+0000   2.04727667086556E+0001  0.00000000000000E+0000
 0.00000000000000E+0000  -1.58376270708626E+0001  4.20000000000000E+0001
 0.00000000000000E+0000  -1.12327212708226E+0001  2.12000000000000E+0002
 0.00000000000000E+0000  -1.31356036908276E+0001  2.33000000000000E+0002
 1.16203697930759E+0002   1.16203697930759E+0002  2.55000000000000E+0002
 0.00000000000000E+0000  -1.06835507792254E+0002  2.52000000000000E+0002
 0.00000000000000E+0000   7.10476481724920E+0001  2.08000000000000E+0002
 0.00000000000000E+0000  -4.67958327832681E+0001  2.40000000000000E+0002
 0.00000000000000E+0000   1.16519195114803E+0001  4.60000000000000E+0001
 0.00000000000000E+0000  -2.13341984640163E-0001  2.90000000000000E+0001
 1.01382890949859E+0002   1.01382890949859E+0002  1.20000000000000E+0001
 0.00000000000000E+0000  -2.71815449415349E+0001  0.00000000000000E+0000
 0.00000000000000E+0000  -7.31042649202268E+0001  2.90000000000000E+0001
 0.00000000000000E+0000   8.85952451353779E+0001  8.50000000000000E+0001
-9.20397764782455E+0001  -9.20397764782455E+0001  9.60000000000000E+0001
 0.00000000000000E+0000   4.76110176887834E+0001  5.40000000000000E+0001
 0.00000000000000E+0000  -2.89017935087696E+0001  1.30000000000000E+0001
 0.00000000000000E+0000   2.08747383218465E+0001  0.00000000000000E+0000
 0.00000000000000E+0000   1.85284976616997E+0001  0.00000000000000E+0000
 2.57961627158441E+0001   2.57961627158441E+0001  0.00000000000000E+0000
 0.00000000000000E+0000   8.78040109423686E-0001  0.00000000000000E+0000
-2.34300243436815E+0001  -2.34300243436815E+0001  0.00000000000000E+0000
 0.00000000000000E+0000   2.00975120800203E+0001  2.80000000000000E+0001
 5.95108115915887E+0001   5.95108115915887E+0001  8.60000000000000E+0001
 0.00000000000000E+0000   1.45024059135018E+0001  9.90000000000000E+0001
 0.00000000000000E+0000   3.47323156034798E+0000  7.90000000000000E+0001
-5.70386013703767E+0001  -5.70386013703767E+0001  6.70000000000000E+0001
 0.00000000000000E+0000  -1.66840204919394E+0001  3.70000000000000E+0001
-4.52922144137687E+0001  -4.52922144137687E+0001  1.00000000000000E+0001
 0.00000000000000E+0000   1.20066219197797E+0001  3.50000000000000E+0001
 0.00000000000000E+0000   9.71445349969050E+0000  7.40000000000000E+0001
-2.60070967445114E+0001  -2.60070967445114E+0001  5.60000000000000E+0001
 0.00000000000000E+0000   4.83501050250828E+0000  1.40000000000000E+0001
 0.00000000000000E+0000  -4.37297195653306E+0000  0.00000000000000E+0000
 0.00000000000000E+0000   7.80327503011819E+0000  0.00000000000000E+0000
 0.00000000000000E+0000   3.75033633537377E+0001  4.20000000000000E+0001
-4.04864410260742E+0001  -4.04864410260742E+0001  2.11000000000000E+0002
 0.00000000000000E+0000  -3.15385250808901E+0001  2.22000000000000E+0002
 0.00000000000000E+0000   2.07449355217827E+0001  1.88000000000000E+0002
 0.00000000000000E+0000   7.95775913042105E+0000  1.56000000000000E+0002
 0.00000000000000E+0000  -1.55264250278301E+0001  1.90000000000000E+0001
-4.33257409897247E+0001  -4.33257409897247E+0001  0.00000000000000E+0000
 0.00000000000000E+0000  -1.51322468301985E+0001  0.00000000000000E+0000
 0.00000000000000E+0000   7.46808183939543E-0001  0.00000000000000E+0000
 1.35017579247546E+0002   1.35017579247546E+0002  2.00000000000000E+0000
 0.00000000000000E+0000  -1.00823432973591E+0002  5.00000000000000E+0000
 0.00000000000000E+0000   1.00139892188888E+0002  4.00000000000000E+0000
 0.00000000000000E+0000  -8.42638509879581E+0001  1.00000000000000E+0000
 0.00000000000000E+0000   2.88195472810144E+0001  0.00000000000000E+0000
 0.00000000000000E+0000  -1.59975999427661E+0001  0.00000000000000E+0000
 0.00000000000000E+0000  -3.07021370271844E+0001  0.00000000000000E+0000
 0.00000000000000E+0000   5.36952759805357E+0001  0.00000000000000E+0000
-5.37828632737789E+0001  -5.37828632737789E+0001  4.00000000000000E+0000
 0.00000000000000E+0000  -3.34010684170867E+0001  3.80000000000000E+0001
 0.00000000000000E+0000   2.50294667037833E+0000  7.90000000000000E+0001
 0.00000000000000E+0000  -4.91482243743724E-0001  6.30000000000000E+0001
 0.00000000000000E+0000  -1.12404607497597E+0001  1.90000000000000E+0001
 0.00000000000000E+0000   1.67706995883384E+0001  1.00000000000000E+0000
 0.00000000000000E+0000  -1.70929587990267E+0001  0.00000000000000E+0000
 0.00000000000000E+0000  -2.24315019090385E+0001  0.00000000000000E+0000
 0.00000000000000E+0000   2.26695515470825E+0001  9.00000000000000E+0000
 0.00000000000000E+0000  -4.73961746508988E+0001  5.40000000000000E+0001
 5.88220218641900E+0001   5.88220218641900E+0001  9.60000000000000E+0001
 0.00000000000000E+0000  -2.79189999255825E+0001  6.70000000000000E+0001
 0.00000000000000E+0000   1.79902788643670E+0001  1.60000000000000E+0001
 0.00000000000000E+0000   2.38413536850930E+0001  0.00000000000000E+0000
 0.00000000000000E+0000   3.34496467875768E+0001  1.70000000000000E+0001
-5.29455589530361E+0001  -5.29455589530361E+0001  7.60000000000000E+0001
 0.00000000000000E+0000  -1.61614039642661E+0001  1.55000000000000E+0002
-3.69138658605893E+0001  -3.69138658605893E+0001  1.82000000000000E+0002
 0.00000000000000E+0000  -3.25045133239980E+0001  2.43000000000000E+0002
 0.00000000000000E+0000   2.44583187753409E+0001  2.90000000000000E+0001
 0.00000000000000E+0000  -2.02146082535433E+0001  0.00000000000000E+0000
 0.00000000000000E+0000  -1.89756226364494E+0001  0.00000000000000E+0000
-7.86504731205464E+0001  -7.86504731205464E+0001  0.00000000000000E+0000
 0.00000000000000E+0000   3.27333972593370E+0001  0.00000000000000E+0000
-1.05147868494836E+0002  -1.05147868494836E+0002  0.00000000000000E+0000
 0.00000000000000E+0000   5.27206958739506E+0001  0.00000000000000E+0000
 0.00000000000000E+0000  -2.79372498958204E+0001  0.00000000000000E+0000
 0.00000000000000E+0000   1.26828954164081E+0001  0.00000000000000E+0000
 0.00000000000000E+0000  -1.18672311054744E+0000  0.00000000000000E+0000
 0.00000000000000E+0000   3.11962873418443E+0001  0.00000000000000E+0000
-8.71264702060234E+0001  -1.67000782096717E+0001  0.00000000000000E+0000
-1.05310076493956E+0001   3.63836285977602E+0000  0.00000000000000E+0000
 1.61852668182712E+0002   2.88019483300893E+0000  0.00000000000000E+0000
-2.98259977666788E+0000  -2.98259977666788E+0000  9.00000000000000E+0000
-2.00040363195145E+0002   2.32627227361068E+0000  2.60000000000000E+0001
-6.81145500582948E+0000  -1.90367809017869E+0000  3.30000000000000E+0001
 0.00000000000000E+0000   1.12002119181887E+0000  5.10000000000000E+0001
 0.00000000000000E+0000  -4.03657300531133E-0001  8.20000000000000E+0001
-1.09892563331118E+0002   7.11555874999820E-0002  7.00000000000000E+0001
 0.00000000000000E+0000  -1.02704752835400E-0004  2.90000000000000E+0001
-1.36034119608624E-0003  -1.36034119608624E-0003  6.00000000000000E+0000
 6.53397837287591E+0001   0.00000000000000E+0000  2.00000000000000E+0000
 1.51733861029852E+0000   0.00000000000000E+0000  8.00000000000000E+0000
-1.67806299645458E+0002   0.00000000000000E+0000  1.40000000000000E+0001
 4.71964311953004E+0000   0.00000000000000E+0000  7.00000000000000E+0000
 2.11700942511950E+0002   0.00000000000000E+0000  0.00000000000000E+0000
-4.81277647018470E+0000   0.00000000000000E+0000  0.00000000000000E+0000
-1.61472988838179E+0002   0.00000000000000E+0000  0.00000000000000E+0000
 0.00000000000000E+0000   0.00000000000000E+0000  0.00000000000000E+0000
-4.65826276429765E-0001   0.00000000000000E+0000  0.00000000000000E+0000
 0.00000000000000E+0000   2.71159763322402E-0001  0.00000000000000E+0000
-2.02788853555352E+0001  -1.58239459055467E+0000  0.00000000000000E+0000
 2.31026866446325E+0000   2.31026866446325E+0000  0.00000000000000E+0000
 1.63331037708162E+0000  -1.58532942740976E+0000  0.00000000000000E+0000
 0.00000000000000E+0000   1.07440372939583E+0000  0.00000000000000E+0000
 0.00000000000000E+0000  -8.05288297187346E-0001  0.00000000000000E+0000
 0.00000000000000E+0000   4.44510620309166E-0001  6.00000000000000E+0000
-6.76637943884048E+0001  -1.52595973395670E-0001  2.80000000000000E+0001
-1.65003325875160E+0002   2.55224796319820E-0002  5.10000000000000E+0001
 1.61865120194428E+0002   2.76556541067040E-0004  4.90000000000000E+0001
 5.98896781345658E+0001   1.48267000191687E+0000  2.50000000000000E+0001
-1.95543192164787E+0000  -1.95543192164787E+0000  1.10000000000000E+0001
-7.80264588635603E+0001  -1.36105279414223E+0000  3.60000000000000E+0001
 2.96357011238689E+0000   2.96357011238689E+0000  6.90000000000000E+0001
 0.00000000000000E+0000  -1.43153489641503E+0000  5.60000000000000E+0001
 0.00000000000000E+0000   2.28069605906600E-0001  1.60000000000000E+0001
 0.00000000000000E+0000   1.67930305861744E-0001  0.00000000000000E+0000
-1.31184126007494E+0002  -1.26846210501745E-0001  0.00000000000000E+0000
 0.00000000000000E+0000   3.57241701300638E-0002  1.00000000000000E+0000
 1.06982019985626E+0001  -1.90176397684642E-0001  5.00000000000000E+0000
 0.00000000000000E+0000  -1.05459263289179E+0000  6.00000000000000E+0000
-1.23952276007358E+0001   4.72309737422228E+0000  3.00000000000000E+0000
 0.00000000000000E+0000  -4.86642152816798E+0000  0.00000000000000E+0000
 4.90112307964498E+0000   4.90112307964498E+0000  0.00000000000000E+0000
-3.74711011883896E+0002  -3.25129871533537E+0000  2.80000000000000E+0001
-1.09723271493190E+0002   1.74925956929952E+0000  1.19000000000000E+0002
 0.00000000000000E+0000  -8.65835882412207E-0001  1.89000000000000E+0002
 1.72904413195279E+0002   3.50227673680315E-0001  1.66000000000000E+0002
-2.21806990406154E+0002  -9.92705446546712E-0002  3.60000000000000E+0001
 0.00000000000000E+0000   1.42119200039305E-0002  0.00000000000000E+0000
 1.01352094574179E+0002   6.44627692051148E-0004  0.00000000000000E+0000
 0.00000000000000E+0000  -3.86879634022105E-0004  0.00000000000000E+0000
-1.58465110405696E+0002   0.00000000000000E+0000  0.00000000000000E+0000
 2.00623399154799E+0002   0.00000000000000E+0000  5.00000000000000E+0000
 0.00000000000000E+0000   0.00000000000000E+0000  2.00000000000000E+0001
-1.03090479571379E+0001   1.08166626374767E-0001  2.40000000000000E+0001
-7.04967727262539E-0001  -7.04967727262539E-0001  1.00000000000000E+0001
 0.00000000000000E+0000  -4.04904415855172E-0001  0.00000000000000E+0000
 4.65361739139040E-0001   4.65361739139040E-0001  0.00000000000000E+0000
 1.01033703153653E+0001  -2.23196900641536E-0001  3.00000000000000E+0000
 1.61349872018108E+0002   5.01911373589090E-0002  7.00000000000000E+0000
-3.75299000513002E+0001  -2.55040741134517E-0001  9.00000000000000E+0000
 0.00000000000000E+0000  -1.59992649211761E+0000  1.20000000000000E+0001
 0.00000000000000E+0000   6.42383120103943E+0000  1.30000000000000E+0001
-1.21182209842589E+0002  -1.30103831405692E+0001  1.10000000000000E+0001
 0.00000000000000E+0000   2.23436776608878E+0001  4.00000000000000E+0000
-2.32069563079781E+0001  -2.32069563079781E+0001  0.00000000000000E+0000
 0.00000000000000E+0000   1.44975199562259E+0001  0.00000000000000E+0000
-8.37942174224635E+0001  -6.14583960428680E+0000  0.00000000000000E+0000
-5.87956516185227E+0001   1.73881526568536E+0000  0.00000000000000E+0000
 0.00000000000000E+0000   1.16404349279535E+0000  0.00000000000000E+0000
 0.00000000000000E+0000  -6.17027321512333E+0000  0.00000000000000E+0000
 9.52562648199825E+0000   9.52562648199825E+0000  0.00000000000000E+0000
 0.00000000000000E+0000  -8.88991566292438E+0000  5.00000000000000E+0000
 0.00000000000000E+0000   2.59198482695592E+0000  1.00000000000000E+0001
-3.23958188100243E+0001   2.41018540304840E+0000  1.60000000000000E+0001
-3.13164147088888E+0000  -3.13164147088888E+0000  2.60000000000000E+0001
 3.59905473651741E+0000   1.79372307996090E+0000  2.10000000000000E+0001
 0.00000000000000E+0000  -1.37574970363679E+0000  2.50000000000000E+0001
 0.00000000000000E+0000   8.69871797792514E-0001  8.80000000000000E+0001
 0.00000000000000E+0000  -3.42402728346110E-0001  1.84000000000000E+0002
 1.71125521622434E+0001   6.53174358340585E-0002  2.06000000000000E+0002
 0.00000000000000E+0000   2.15961857095688E-0004  1.88000000000000E+0002
-1.54751853608841E-0003  -1.54751853608841E-0003  2.23000000000000E+0002
 0.00000000000000E+0000   0.00000000000000E+0000  1.99000000000000E+0002
 9.65548502267096E+0001   0.00000000000000E+0000  1.48000000000000E+0002
 1.05116703923093E+0002   0.00000000000000E+0000  1.60000000000000E+0001
 0.00000000000000E+0000   0.00000000000000E+0000  4.00000000000000E+0000
 8.78754722613031E+0001   0.00000000000000E+0000  0.00000000000000E+0000
 0.00000000000000E+0000  -4.80061042217110E-0001  0.00000000000000E+0000
-2.38211705708056E+0001  -3.19531764017927E+0000  1.00000000000000E+0000
-4.59902987561267E+0001   1.02338018336489E+0001  3.00000000000000E+0000
-1.05285405228624E+0001  -1.05285405228624E+0001  1.00000000000000E+0000
 0.00000000000000E+0000   6.43729662799689E+0000  1.90000000000000E+0001
 4.83423945134624E+0001  -3.71498619804445E+0000  5.60000000000000E+0001
 0.00000000000000E+0000   1.66097396471081E+0000  7.00000000000000E+0001
-1.05459336664794E+0002  -4.76428613038946E-0001  5.20000000000000E+0001
 0.00000000000000E+0000  -1.01064667721842E-0001  2.70000000000000E+0001
 5.12554825940054E+0001  -6.14409566575610E-0002  2.50000000000000E+0001
 5.77686449829065E+0001   1.35075133221784E+0000  4.10000000000000E+0001
-1.93734030148163E+0002  -7.77442148065196E+0000  4.80000000000000E+0001
 4.40477301870729E+0001   4.40477301870729E+0001  3.50000000000000E+0001
 5.61623877369753E+0001   3.09395094133345E+0001  1.10000000000000E+0001
 0.00000000000000E+0000   2.56952383690208E+0000  0.00000000000000E+0000
 0.00000000000000E+0000  -1.69512912972817E+0000  0.00000000000000E+0000
-1.84458710874167E+0000  -1.84458710874167E+0000  0.00000000000000E+0000
 0.00000000000000E+0000   1.55440938225839E+0000  0.00000000000000E+0000
-1.17247861122958E+0002   2.17507049992816E-0002  0.00000000000000E+0000
-1.05019456300545E+0000  -1.05019456300545E+0000  3.00000000000000E+0000
 0.00000000000000E+0000  -4.79974021467024E-0001  1.40000000000000E+0001
 7.46761062309249E-0001   7.46761062309249E-0001  1.90000000000000E+0001
 0.00000000000000E+0000  -3.57851716586428E-0001  8.00000000000000E+0000
-1.36760147125701E+0002   7.08451526778585E-0002  3.30000000000000E+0001
 0.00000000000000E+0000   2.69262293169650E-0002  8.40000000000000E+0001
 0.00000000000000E+0000  -2.44582991109477E-0002  1.11000000000000E+0002
-1.40515520031577E+0002   7.18116035501627E-0003  1.20000000000000E+0002
 2.16005863626230E+0002  -7.27405465998924E-0004  7.70000000000000E+0001
 0.00000000000000E+0000  -2.65284060047095E-0005  1.70000000000000E+0001
 0.00000000000000E+0000   2.71159763322402E-0001  0.00000000000000E+0000
-1.92910534326703E+0000  -1.92910534326703E+0000  0.00000000000000E+0000
 0.00000000000000E+0000   5.98198900113811E-0001  0.00000000000000E+0000
-2.65993325288070E+0001   2.64631224465968E+0000  0.00000000000000E+0000
-3.89581085745801E+0000  -3.89581085745801E+0000  0.00000000000000E+0000
 0.00000000000000E+0000   2.62391455195566E+0000  0.00000000000000E+0000
 0.00000000000000E+0000  -8.51157591485180E-0001  1.00000000000000E+0000
-3.35668856926602E+0001  -4.48257971755851E-0001  0.00000000000000E+0000
 0.00000000000000E+0000  -8.11753756586264E-0002  0.00000000000000E+0000
 6.23919523123791E-0001   6.23919523123791E-0001  0.00000000000000E+0000
 0.00000000000000E+0000  -3.44375917789038E-0001  0.00000000000000E+0000
 0.00000000000000E+0000   9.25353812088047E-0001  2.00000000000000E+0000
 8.61206635993942E+0001  -2.98535780482174E+0000  1.60000000000000E+0001
 3.34812301165608E+0000   3.34812301165608E+0000  4.40000000000000E+0001
 0.00000000000000E+0000  -3.98489059952309E-0001  7.00000000000000E+0001
 0.00000000000000E+0000  -2.09890500737030E+0000  8.20000000000000E+0001
 0.00000000000000E+0000   4.02964451285478E+0000  6.60000000000000E+0001
 0.00000000000000E+0000  -5.13529909942438E+0000  2.70000000000000E+0001
 5.80470236458726E+0000   5.80470236458726E+0000  9.00000000000000E+0000
 0.00000000000000E+0000  -4.32242087369591E+0000  3.00000000000000E+0001
-6.78911312860220E+0001   3.51687516012032E+0000  4.30000000000000E+0001
 0.00000000000000E+0000  -8.42250499191027E-0001  3.60000000000000E+0001
 0.00000000000000E+0000  -2.89644699021982E+0000  5.10000000000000E+0001
 5.83411674890033E+0000   5.83411674890033E+0000  6.80000000000000E+0001
 0.00000000000000E+0000  -4.88960748649596E+0000  5.40000000000000E+0001
-3.43112808809647E+0001   5.09490065418395E+0000  2.70000000000000E+0001
-1.43596650609875E+0001  -1.43596650609875E+0001  7.00000000000000E+0000
 0.00000000000000E+0000   4.18165634250175E+0000  4.00000000000000E+0000
-3.40192866876993E+0001  -3.40192866876993E+0001  4.00000000000000E+0001
 0.00000000000000E+0000   3.04801420422199E+0001  9.60000000000000E+0001
-5.14775190534936E+0001  -1.67521428684323E+0001  9.20000000000000E+0001
 0.00000000000000E+0000   3.70260881839122E+0000  5.20000000000000E+0001
 0.00000000000000E+0000   2.15607115865827E+0000  4.00000000000000E+0001
-2.27638850630660E+0000  -2.27638850630660E+0000  2.20000000000000E+0001
 3.90633498482814E+0001   9.12178930139910E-0001  3.00000000000000E+0000
 0.00000000000000E+0000  -1.43156063554190E-0001  0.00000000000000E+0000
-5.73940333564914E-0001  -5.73940333564914E-0001  0.00000000000000E+0000
-4.72645831305371E+0001  -2.59171092475285E-0001  0.00000000000000E+0000
 0.00000000000000E+0000   1.93204004456561E-0001  0.00000000000000E+0000
 0.00000000000000E+0000  -9.31369498218198E-0002  2.00000000000000E+0000
 0.00000000000000E+0000   2.94575368219454E-0002  1.70000000000000E+0001
-1.50494160614233E+0001  -3.60655356698836E-0003  3.50000000000000E+0001
 0.00000000000000E+0000  -1.39535174699406E-0003  3.40000000000000E+0001
 0.00000000000000E+0000   6.85856695004676E-0004  2.90000000000000E+0001
 0.00000000000000E+0000  -8.01037623728527E-0002  3.50000000000000E+0001
-2.32000342566862E+0001  -3.44376139952259E-0001  4.10000000000000E+0001
 2.39409267839408E+0000   2.39409267839408E+0000  4.30000000000000E+0001
 0.00000000000000E+0000  -2.00460317813689E+0000  4.30000000000000E+0001
 0.00000000000000E+0000   1.20025211166856E+0000  4.40000000000000E+0001
-1.73339784989770E+0001  -6.90558513506601E-0001  4.20000000000000E+0001
 0.00000000000000E+0000   3.10041668177402E-0001  5.50000000000000E+0001
 0.00000000000000E+0000  -1.70148118025655E-0001  7.70000000000000E+0001
 0.00000000000000E+0000  -5.72588309151847E-0001  6.10000000000000E+0001
 1.39305503684120E+0000   1.39305503684120E+0000  3.20000000000000E+0001
 0.00000000000000E+0000   2.75500177599535E-0001  5.00000000000000E+0001
-1.10777110239474E+0000  -1.10777110239474E+0000  6.60000000000000E+0001
 0.00000000000000E+0000   2.46096437885498E-0001  3.20000000000000E+0001
 0.00000000000000E+0000  -7.44724673494573E-0001  2.00000000000000E+0000
 0.00000000000000E+0000  -6.08022578159510E+0000  0.00000000000000E+0000
 0.00000000000000E+0000   1.76052099068820E+0001  0.00000000000000E+0000
-1.90020574587843E+0001  -1.90020574587843E+0001  0.00000000000000E+0000
 1.16203697930759E+0002   1.34557008033631E+0001  1.20000000000000E+0001
 0.00000000000000E+0000   5.32833810196288E+0001  3.40000000000000E+0001
 6.49673151969910E+0001   6.49673151969910E+0001  2.90000000000000E+0001
 0.00000000000000E+0000   1.92031762525450E+0001  8.00000000000000E+0000
 0.00000000000000E+0000  -1.21163986281709E+0001  0.00000000000000E+0000
 0.00000000000000E+0000   2.86870006848690E+0000  0.00000000000000E+0000
 1.01382890949859E+0002   2.78066004374038E-0001  0.00000000000000E+0000
 2.11990923251775E+0000   2.11990923251775E+0000  0.00000000000000E+0000
 0.00000000000000E+0000  -1.17748963849274E+0000  0.00000000000000E+0000
 0.00000000000000E+0000  -4.86026303130411E+0000  0.00000000000000E+0000
 9.87872092113867E+0000   9.87872092113867E+0000  6.00000000000000E+0000
 0.00000000000000E+0000  -9.23288321075729E+0000  2.00000000000000E+0001
 0.00000000000000E+0000   6.21063688908444E+0000  2.20000000000000E+0001
 0.00000000000000E+0000  -3.56966837521959E+0000  9.00000000000000E+0000
 0.00000000000000E+0000   1.41934290439447E+0000  2.00000000000000E+0000
 2.57961627158441E+0001  -2.89662989865266E-0001  1.00000000000000E+0000
 0.00000000000000E+0000  -6.46223970447327E-0002  0.00000000000000E+0000
-2.34300243436815E+0001   1.04836067338322E+0000  6.00000000000000E+0000
 0.00000000000000E+0000  -2.16497838278374E+0000  1.30000000000000E+0001
 5.95108115915887E+0001   3.82155663889900E+0000  8.00000000000000E+0000
 0.00000000000000E+0000  -6.63519727507794E+0000  1.00000000000000E+0000
-7.18625663326787E+0001  -7.18625663326787E+0001  6.00000000000000E+0000
-5.70386013703767E+0001  -9.65147363676987E-0001  1.10000000000000E+0001
 3.39541493919996E+0001   3.39541493919996E+0001  5.00000000000000E+0000
-4.52922144137687E+0001   2.69818956918620E+0001  1.60000000000000E+0001
 7.59634187493320E+0001   7.59634187493320E+0001  5.60000000000000E+0001
 0.00000000000000E+0000  -1.86917925612651E+0001  8.70000000000000E+0001
-2.60070967445114E+0001   8.93334606917279E+0000  9.90000000000000E+0001
 0.00000000000000E+0000   2.93546286881199E+0000  8.90000000000000E+0001
 5.82127290065459E+0001   5.82127290065459E+0001  4.40000000000000E+0001
 0.00000000000000E+0000  -3.70478309906308E+0001  7.00000000000000E+0000
 0.00000000000000E+0000  -4.08312172328097E+0001  0.00000000000000E+0000
-5.45364511017127E+0001  -5.45364511017127E+0001  0.00000000000000E+0000
 0.00000000000000E+0000   3.74131982298281E+0001  0.00000000000000E+0000
 0.00000000000000E+0000  -2.41444412639130E+0001  0.00000000000000E+0000
 0.00000000000000E+0000   1.49282569516354E+0001  0.00000000000000E+0000
 0.00000000000000E+0000  -1.11545855138374E+0001  0.00000000000000E+0000
-4.33257409897247E+0001   9.57853622628740E+0000  0.00000000000000E+0000
 0.00000000000000E+0000  -3.74494967043002E+0000  0.00000000000000E+0000
-6.29347886985049E+0000  -6.29347886985049E+0000  9.00000000000000E+0000
 1.35017579247546E+0002   6.09416205900586E+0000  3.40000000000000E+0001
 0.00000000000000E+0000   1.07008933796184E+0000  5.00000000000000E+0001
 0.00000000000000E+0000  -8.14821049420927E+0000  3.70000000000000E+0001
 0.00000000000000E+0000   1.65373486699292E+0001  1.80000000000000E+0001
 0.00000000000000E+0000  -2.08063846827181E+0001  1.20000000000000E+0001
 0.00000000000000E+0000   2.64750884216115E+0001  1.00000000000000E+0001
 0.00000000000000E+0000   3.95757690167938E+0001  2.10000000000000E+0001
-5.31554628268716E+0001  -5.31554628268716E+0001  4.60000000000000E+0001
-5.37828632737789E+0001  -1.18379882751791E+0001  4.70000000000000E+0001
 1.54608152574157E+0001   1.54608152574157E+0001  2.50000000000000E+0001
 0.00000000000000E+0000  -1.26018347949424E+0001  2.40000000000000E+0001
 0.00000000000000E+0000   6.67213732840987E+0000  4.70000000000000E+0001
 0.00000000000000E+0000  -1.85625681678397E+0000  4.80000000000000E+0001
 0.00000000000000E+0000  -8.66845370590628E-0002  3.10000000000000E+0001
 0.00000000000000E+0000  -4.15959823951914E+0000  1.90000000000000E+0001
 0.00000000000000E+0000   1.31428463426056E+0001  6.00000000000000E+0000
-1.69925520475783E+0001  -1.69925520475783E+0001  0.00000000000000E+0000
 0.00000000000000E+0000   1.38199610160225E+0001  0.00000000000000E+0000
 5.88220218641900E+0001  -1.36294791615066E+0001  0.00000000000000E+0000
 0.00000000000000E+0000   1.91984440804412E+0001  2.00000000000000E+0001
-1.93686441882844E+0001  -1.93686441882844E+0001  9.20000000000000E+0001
 0.00000000000000E+0000   1.15281886966337E+0001  1.87000000000000E+0002
 0.00000000000000E+0000   2.10032860944520E+0001  2.42000000000000E+0002
 8.28842873078209E+0001   8.28842873078209E+0001  2.02000000000000E+0002
 0.00000000000000E+0000  -2.25466537062383E+0001  2.46000000000000E+0002
-3.69138658605893E+0001   1.13960863407533E+0001  1.10000000000000E+0001
 0.00000000000000E+0000  -9.93329030918884E+0000  0.00000000000000E+0000
 0.00000000000000E+0000   6.52333029828850E+0000  0.00000000000000E+0000
 0.00000000000000E+0000  -2.60794994799861E+0000  0.00000000000000E+0000
 0.00000000000000E+0000   1.54329430688940E+0000  0.00000000000000E+0000
-2.68893879853161E+0000  -2.68893879853161E+0000  0.00000000000000E+0000
 0.00000000000000E+0000  -1.69554807112067E-0001  0.00000000000000E+0000
-1.05147868494836E+0002   8.50287053215072E+0000  0.00000000000000E+0000
-1.20699632834203E+0001  -1.20699632834203E+0001  0.00000000000000E+0000
 0.00000000000000E+0000   8.79791568233316E+0000  0.00000000000000E+0000
 0.00000000000000E+0000  -1.89201679221194E+0000  1.00000000000000E+0001
 0.00000000000000E+0000  -2.04353159619529E+0000  3.30000000000000E+0001
 2.28625161153477E+0000   2.28625161153477E+0000  3.70000000000000E+0001
 0.00000000000000E+0000  -1.58745016638055E+0000  2.10000000000000E+0001
 0.00000000000000E+0000   7.03518003821237E-0001  2.50000000000000E+0001
 0.00000000000000E+0000  -3.49609952693384E-0001  3.80000000000000E+0001
 7.68004253483267E-0001   7.68004253483267E-0001  2.50000000000000E+0001
 0.00000000000000E+0000  -7.41134613358107E-0001  5.00000000000000E+0000
 0.00000000000000E+0000   1.50363334522772E+0000  7.00000000000000E+0000
 0.00000000000000E+0000  -6.18604345315614E+0000  2.70000000000000E+0001
 0.00000000000000E+0000   1.26922589453321E+0001  3.80000000000000E+0001
-1.69553487249752E+0001  -1.69553487249752E+0001  4.90000000000000E+0001
 0.00000000000000E+0000   1.37532189720362E+0001  6.00000000000000E+0001
 0.00000000000000E+0000  -6.73859215490506E+0000  3.80000000000000E+0001
 0.00000000000000E+0000   1.22328509989505E+0000  1.10000000000000E+0001
 0.00000000000000E+0000   3.12751828009184E+0000  4.30000000000000E+0001
 0.00000000000000E+0000   4.09427822996371E+0000  1.10000000000000E+0002
 1.81019107279432E+0001   1.81019107279432E+0001  2.51000000000000E+0002
 0.00000000000000E+0000  -1.99660185534305E+0000  6.80000000000000E+0001
 0.00000000000000E+0000   3.31578884280843E+0000  1.60000000000000E+0001
 0.00000000000000E+0000  -8.62546390817674E+0000  0.00000000000000E+0000
 8.95316767293370E+0000   8.95316767293370E+0000  7.00000000000000E+0000
 0.00000000000000E+0000  -5.79342955011612E+0000  4.20000000000000E+0001
 0.00000000000000E+0000   2.94038167857506E+0000  8.70000000000000E+0001
 0.00000000000000E+0000  -2.59782925358305E+0000  8.20000000000000E+0001
 0.00000000000000E+0000   9.94819180794703E-0001  3.90000000000000E+0001
 0.00000000000000E+0000  -1.26657453260837E+0000  1.00000000000000E+0001
 1.40542883462820E+0000   1.40542883462820E+0000  1.00000000000000E+0000
 0.00000000000000E+0000  -8.45193187464046E-0001  0.00000000000000E+0000
 9.99482804455950E-0001   9.99482804455950E-0001  2.00000000000000E+0001
 0.00000000000000E+0000   4.46976952482143E-0001  6.30000000000000E+0001
 0.00000000000000E+0000  -3.49377362206072E+0000  7.70000000000000E+0001
 0.00000000000000E+0000   4.23092111317995E+0000  5.20000000000000E+0001
 0.00000000000000E+0000  -9.10295644334972E+0000  4.10000000000000E+0001
 0.00000000000000E+0000   1.01148277828067E+0001  4.80000000000000E+0001
 0.00000000000000E+0000   1.63524832248204E+0001  4.10000000000000E+0001
 2.33755325417562E+0001   2.33755325417562E+0001  3.20000000000000E+0001
 0.00000000000000E+0000   4.47504757523254E+0000  3.20000000000000E+0001
 0.00000000000000E+0000  -2.64860836430083E+0000  3.20000000000000E+0001
 0.00000000000000E+0000   2.10311723980878E+0000  2.80000000000000E+0001
 0.00000000000000E+0000  -3.24032006357530E+0000  1.60000000000000E+0001
 0.00000000000000E+0000   3.92378528764014E+0000  8.00000000000000E+0000
 0.00000000000000E+0000  -6.83173071348509E+0000  1.10000000000000E+0001
 8.08179092006585E+0000   8.08179092006585E+0000  2.00000000000000E+0001
 0.00000000000000E+0000  -4.70253175381266E+0000  2.40000000000000E+0001
 0.00000000000000E+0000   1.99196383253638E+0000  1.50000000000000E+0001
 0.00000000000000E+0000  -2.06311357511255E-0001  4.00000000000000E+0000
-4.77591997414598E-0001  -4.77591997414598E-0001  1.00000000000000E+0001
 0.00000000000000E+0000   3.17621184847017E-0001  2.00000000000000E+0001
 0.00000000000000E+0000  -7.68819257723625E+0000  1.00000000000000E+0001
 1.38682014884472E+0001   1.38682014884472E+0001  0.00000000000000E+0000
 0.00000000000000E+0000  -2.17325260676038E+0000  7.00000000000000E+0000
 0.00000000000000E+0000  -1.01086656223192E+0001  4.40000000000000E+0001
 1.08131439986020E+0001   1.08131439986020E+0001  6.70000000000000E+0001
 0.00000000000000E+0000  -7.73589690895575E+0000  2.90000000000000E+0001
 0.00000000000000E+0000   3.19194795503951E+0000  3.00000000000000E+0000
 0.00000000000000E+0000  -1.25002691388817E+0000  7.00000000000000E+0000
 0.00000000000000E+0000   1.57913853378266E-0001  7.00000000000000E+0000
 0.00000000000000E+0000  -6.77279860735991E-0001  6.00000000000000E+0000
 2.07861751676872E+0000   2.07861751676872E+0000  6.00000000000000E+0000
 0.00000000000000E+0000  -7.90153854257275E-0001  1.20000000000000E+0001
 0.00000000000000E+0000  -3.01531789753590E+0000  2.80000000000000E+0001
 0.00000000000000E+0000   8.38172117242092E+0000  5.20000000000000E+0001
-1.36821964773254E+0001  -1.36821964773254E+0001  8.00000000000000E+0001
 0.00000000000000E+0000   1.33123620429924E+0001  9.20000000000000E+0001
 0.00000000000000E+0000  -9.10926854247126E+0000  6.20000000000000E+0001
 0.00000000000000E+0000   2.54260036886165E+0000  2.40000000000000E+0001
 0.00000000000000E+0000   1.12830984452378E+0001  3.80000000000000E+0001
-2.20387497219754E+0001  -2.20387497219754E+0001  6.70000000000000E+0001
 0.00000000000000E+0000   1.57759264159642E+0001  4.50000000000000E+0001
 0.00000000000000E+0000  -6.21158859752311E+0000  1.40000000000000E+0001
 0.00000000000000E+0000   1.65734540489160E+0000  3.10000000000000E+0001
 0.00000000000000E+0000  -2.26491049178682E+0000  6.20000000000000E+0001
 0.00000000000000E+0000   5.62079630779961E+0000  5.60000000000000E+0001
-6.78798946744118E+0000  -6.78798946744118E+0000  3.00000000000000E+0001
 0.00000000000000E+0000   4.83518909505928E+0000  1.00000000000000E+0001
 0.00000000000000E+0000  -4.03930495898276E+0000  1.20000000000000E+0001
 0.00000000000000E+0000   6.80191996732544E-0002  5.60000000000000E+0001
 0.00000000000000E+0000   8.22825169689333E+0000  9.90000000000000E+0001
 0.00000000000000E+0000  -1.79661247421405E+0001  1.07000000000000E+0002
 2.26896644062531E+0001   2.26896644062531E+0001  1.29000000000000E+0002
 0.00000000000000E+0000  -1.89776252782207E+0001  1.88000000000000E+0002
 0.00000000000000E+0000   1.23412893008755E+0001  2.30000000000000E+0002
 0.00000000000000E+0000  -1.03379096285791E+0001  2.38000000000000E+0002
 0.00000000000000E+0000   5.75422693361476E+0000  2.34000000000000E+0002
 0.00000000000000E+0000  -2.04053937054622E+0000  2.29000000000000E+0002
 0.00000000000000E+0000   1.32981768771834E+0000  2.13000000000000E+0002
 0.00000000000000E+0000  -8.05979677135971E-0001  2.45000000000000E+0002
 0.00000000000000E+0000  -1.57010675464063E+0000  7.80000000000000E+0001
 3.26477214885932E+0000   3.26477214885932E+0000  5.10000000000000E+0001
 0.00000000000000E+0000  -2.58579589106261E+0000  4.30000000000000E+0001
 0.00000000000000E+0000   5.63763523156089E-0001  2.90000000000000E+0001
 0.00000000000000E+0000   1.90327123765600E+0000  1.70000000000000E+0001
 0.00000000000000E+0000  -4.23643732453112E+0000  1.20000000000000E+0001
 0.00000000000000E+0000   6.99383743261951E+0000  5.00000000000000E+0000
-9.10461890368014E+0000  -9.10461890368014E+0000  0.00000000000000E+0000
 0.00000000000000E+0000   5.93516740967050E+0000  0.00000000000000E+0000
 0.00000000000000E+0000   1.61333811587758E+0000  1.30000000000000E+0001
-5.16341853009629E+0000  -5.16341853009629E+0000  3.70000000000000E+0001
 0.00000000000000E+0000   4.82657118902144E+0000  3.40000000000000E+0001
 0.00000000000000E+0000  -4.10689954813215E+0000  3.00000000000000E+0001
 0.00000000000000E+0000   2.17674712872525E+0000  5.50000000000000E+0001
 0.00000000000000E+0000  -4.90624555937719E-0001  6.30000000000000E+0001
 0.00000000000000E+0000   1.09258773221161E+0000  5.80000000000000E+0001
 0.00000000000000E+0000  -2.79175534226192E+0000  7.20000000000000E+0001
 0.00000000000000E+0000   4.69320816161902E+0000  8.00000000000000E+0001
-6.00148295536740E+0000  -6.00148295536740E+0000  6.10000000000000E+0001
 0.00000000000000E+0000   6.00052048906875E+0000  2.70000000000000E+0001
-7.71954271012270E+0000  -7.71954271012270E+0000  4.00000000000000E+0000
 0.00000000000000E+0000   6.24705045078146E+0000  0.00000000000000E+0000
 0.00000000000000E+0000  -2.24133383756304E+0000  4.00000000000000E+0000
 0.00000000000000E+0000   1.05238691988328E+0000  3.30000000000000E+0001
 0.00000000000000E+0000   6.32863992127509E-0001  8.90000000000000E+0001
 0.00000000000000E+0000  -4.68181065495794E-0001  1.07000000000000E+0002
 0.00000000000000E+0000   3.46345112380309E+0001  1.18000000000000E+0002
 9.26541346681944E+0001   9.26541346681944E+0001  1.99000000000000E+0002
 0.00000000000000E+0000  -1.74909886327244E+0001  2.55000000000000E+0002
 0.00000000000000E+0000   5.90365414382487E+0000  2.42000000000000E+0002
-6.28929990142658E+0000  -6.28929990142658E+0000  1.81000000000000E+0002
 0.00000000000000E+0000   4.83778550146806E+0000  2.41000000000000E+0002
 0.00000000000000E+0000  -2.41303338073135E+0000  1.50000000000000E+0001
 0.00000000000000E+0000   4.25236174786018E+0000  6.00000000000000E+0000
 0.00000000000000E+0000  -8.97049018493693E+0000  1.20000000000000E+0001
 1.19778581363068E+0001   1.19778581363068E+0001  7.00000000000000E+0000
 0.00000000000000E+0000  -1.06354154114402E+0001  1.00000000000000E+0000
 1.10206322456177E+0001   1.10206322456177E+0001  1.30000000000000E+0001
 0.00000000000000E+0000  -1.05692604522339E+0001  4.50000000000000E+0001
 0.00000000000000E+0000   7.98780880840446E+0000  5.80000000000000E+0001
 0.00000000000000E+0000   1.68792089450721E+0001  3.10000000000000E+0001
 9.81945462393056E+0001   9.81945462393056E+0001  6.00000000000000E+0000
 0.00000000000000E+0000  -4.43460434212576E+0001  0.00000000000000E+0000
 0.00000000000000E+0000   2.56973922473503E+0001  0.00000000000000E+0000
 0.00000000000000E+0000  -7.77340758667019E+0000  5.00000000000000E+0000
 0.00000000000000E+0000  -5.47454228622156E+0000  1.10000000000000E+0001
 0.00000000000000E+0000   1.04777744211605E+0001  5.00000000000000E+0000
-1.17346107128218E+0001  -1.17346107128218E+0001  0.00000000000000E+0000
 0.00000000000000E+0000   1.08504396843506E+0001  6.00000000000000E+0000
 0.00000000000000E+0000  -8.95142685247977E+0000  4.20000000000000E+0001
 0.00000000000000E+0000   5.15602318633265E+0000  7.50000000000000E+0001
 0.00000000000000E+0000  -2.33232639583732E+0000  5.10000000000000E+0001
 2.80235941013873E+0000   2.80235941013873E+0000  1.40000000000000E+0001
 0.00000000000000E+0000  -2.50938216616158E+0000  6.00000000000000E+0000
 0.00000000000000E+0000   1.99259972824458E+0000  1.10000000000000E+0001
 0.00000000000000E+0000  -1.00698346651730E+0000  1.10000000000000E+0001
 0.00000000000000E+0000   6.96160115643263E-0003  4.00000000000000E+0000
 0.00000000000000E+0000  -1.79775773515626E+0000  2.70000000000000E+0001
 0.00000000000000E+0000  -3.99837173176821E+0000  1.18000000000000E+0002
 1.61135408868231E+0001   1.61135408868231E+0001  2.18000000000000E+0002
 0.00000000000000E+0000  -1.58052851968975E+0001  1.99000000000000E+0002
 0.00000000000000E+0000   9.55914947776480E+0000  1.43000000000000E+0002
 0.00000000000000E+0000  -6.06606054978571E+0000  7.00000000000000E+0000
 0.00000000000000E+0000   3.66902266962007E+0000  0.00000000000000E+0000
 0.00000000000000E+0000  -2.52658939963630E+0000  9.00000000000000E+0000
 0.00000000000000E+0000   2.22442568776229E+0000  2.20000000000000E+0001
 0.00000000000000E+0000  -1.46640962886211E+0000  4.40000000000000E+0001
 0.00000000000000E+0000   1.34359204802629E-0001  8.00000000000000E+0001
-6.00472105071985E-0001  -6.00472105071985E-0001  8.00000000000000E+0001
 0.00000000000000E+0000   2.14336385702177E-0001  4.60000000000000E+0001
 0.00000000000000E+0000   1.56693267826927E-0001  2.10000000000000E+0001
 0.00000000000000E+0000   3.60709263579480E+0000  6.00000000000000E+0000
 0.00000000000000E+0000  -7.78865063341164E+0000  1.40000000000000E+0001
 1.07111280267371E+0001   1.07111280267371E+0001  4.10000000000000E+0001
 0.00000000000000E+0000  -8.09678926820462E+0000  4.30000000000000E+0001
 0.00000000000000E+0000   1.82303613491744E+0001  1.80000000000000E+0001
 6.66431649963082E+0001   6.66431649963082E+0001  2.00000000000000E+0000
 0.00000000000000E+0000  -2.21789445879851E+0001  0.00000000000000E+0000
 0.00000000000000E+0000   1.06575489329268E+0001  0.00000000000000E+0000
 0.00000000000000E+0000  -5.62711277526681E+0000  1.00000000000000E+0000
 0.00000000000000E+0000   3.91645593472146E+0000  4.00000000000000E+0000
-5.78542455199739E+0000  -5.78542455199739E+0000  6.00000000000000E+0000
 0.00000000000000E+0000   2.52281892810466E+0000  2.00000000000000E+0000
 0.00000000000000E+0000   5.83831671389793E+0000  0.00000000000000E+0000
-1.03180721473617E+0001  -1.03180721473617E+0001  3.00000000000000E+0000
 0.00000000000000E+0000   8.82905667770419E+0000  2.50000000000000E+0001
 0.00000000000000E+0000  -7.32001712974386E+0000  6.00000000000000E+0001
 0.00000000000000E+0000   8.34117429893704E+0000  5.80000000000000E+0001
-1.22243857625600E+0001  -1.22243857625600E+0001  2.00000000000000E+0001
 0.00000000000000E+0000   1.09227218348762E+0001  0.00000000000000E+0000
 0.00000000000000E+0000   4.62138142344900E+0000  0.00000000000000E+0000
 0.00000000000000E+0000   2.07517968620812E+0001  2.40000000000000E+0001
 1.07933996357853E+0002   1.07933996357853E+0002  1.12000000000000E+0002
 0.00000000000000E+0000  -3.06412583614741E+0001  1.70000000000000E+0002
 0.00000000000000E+0000   1.26699946795665E+0001  2.28000000000000E+0002
 0.00000000000000E+0000  -1.17839117431584E+0001  3.50000000000000E+0001
 1.36544464718226E+0001   1.36544464718226E+0001  5.60000000000000E+0001
 0.00000000000000E+0000  -1.10486338138551E+0001  6.70000000000000E+0001
 0.00000000000000E+0000   6.83051930061565E+0000  3.30000000000000E+0001
 0.00000000000000E+0000  -1.25436617212087E+0000  1.30000000000000E+0001
 0.00000000000000E+0000   1.69033323675724E+0000  4.50000000000000E+0001
 0.00000000000000E+0000  -1.74597320343386E+0000  9.80000000000000E+0001
 0.00000000000000E+0000  -2.90578058299004E+0000  9.60000000000000E+0001
 3.62003527841103E+0000   3.62003527841103E+0000  6.80000000000000E+0001
 0.00000000000000E+0000   2.09650618433320E+0000  7.00000000000000E+0001
 0.00000000000000E+0000  -1.02025272774983E+0001  5.50000000000000E+0001
 3.40805630469636E+0001   3.40805630469636E+0001  2.30000000000000E+0001
 0.00000000000000E+0000   9.41041057653721E+0000  9.00000000000000E+0000
 1.48839273443672E+0001   1.48839273443672E+0001  2.00000000000000E+0000
 0.00000000000000E+0000  -7.92473331357911E+0000  0.00000000000000E+0000
 0.00000000000000E+0000   6.43947471709588E+0000  0.00000000000000E+0000
-8.75410992264112E+0000  -8.75410992264112E+0000  0.00000000000000E+0000
 0.00000000000000E+0000   5.05983650903886E+0000  0.00000000000000E+0000
 0.00000000000000E+0000   2.64245297138632E+0000  0.00000000000000E+0000
-8.15425440333177E+0000  -8.15425440333177E+0000  0.00000000000000E+0000
 0.00000000000000E+0000   7.92385221191885E+0000  1.00000000000000E+0001
 0.00000000000000E+0000  -4.47195579625755E+0000  2.00000000000000E+0001
 0.00000000000000E+0000   2.76758915505117E+0000  1.20000000000000E+0001
 0.00000000000000E+0000   4.26862166912200E-0001  4.00000000000000E+0000
 0.00000000000000E+0000  -4.34316824551380E+0000  2.00000000000000E+0000
 6.45090077616606E+0000   6.45090077616606E+0000  0.00000000000000E+0000
 0.00000000000000E+0000  -3.69576599689694E+0000  1.50000000000000E+0001
 0.00000000000000E+0000  -1.26634362142448E+0001  9.20000000000000E+0001
 0.00000000000000E+0000  -3.89620540222546E+0001  1.79000000000000E+0002
-7.32509436277652E+0001  -7.32509436277652E+0001  1.96000000000000E+0002
 0.00000000000000E+0000   5.89508647407209E+0001  2.14000000000000E+0002
 0.00000000000000E+0000  -3.86126890436270E+0001  2.16000000000000E+0002
 0.00000000000000E+0000   3.08779542939011E+0001  1.69000000000000E+0002
 0.00000000000000E+0000  -2.91569387230101E+0001  1.19000000000000E+0002
 0.00000000000000E+0000   1.95998915542470E+0001  7.80000000000000E+0001
 0.00000000000000E+0000  -7.58298226858635E+0000  8.50000000000000E+0001
 0.00000000000000E+0000   3.21142044505071E+0000  1.04000000000000E+0002
 0.00000000000000E+0000  -1.63413657520870E+0000  7.70000000000000E+0001
 2.12828483231786E+0000   2.12828483231786E+0000  3.90000000000000E+0001
 0.00000000000000E+0000  -1.73558475428341E+0000  2.70000000000000E+0001
 0.00000000000000E+0000  -1.58937046575152E+0000  2.40000000000000E+0001
 0.00000000000000E+0000   2.83275397592890E+0000  9.00000000000000E+0000
 0.00000000000000E+0000  -1.04844309142802E+0001  0.00000000000000E+0000
 2.47430361380296E+0001   2.47430361380296E+0001  2.00000000000000E+0000
 0.00000000000000E+0000  -1.76176408920273E+0001  4.00000000000000E+0000
 0.00000000000000E+0000   3.31072062559847E+0000  2.00000000000000E+0000
 0.00000000000000E+0000  -7.49872247729610E+0000  0.00000000000000E+0000
 0.00000000000000E+0000   1.49299403390496E+0001  6.00000000000000E+0000
-1.65488463127774E+0001  -1.65488463127774E+0001  2.20000000000000E+0001
 0.00000000000000E+0000   1.54318079188179E+0001  2.40000000000000E+0001
 0.00000000000000E+0000  -1.01332126129771E+0001  1.20000000000000E+0001
 0.00000000000000E+0000   5.35230559990595E+0000  6.00000000000000E+0000
 0.00000000000000E+0000  -2.61183659262268E+0000  3.00000000000000E+0000
 0.00000000000000E+0000   4.30144669324248E+0000  8.00000000000000E+0000
-6.25070202067660E+0000  -6.25070202067660E+0000  2.40000000000000E+0001
 0.00000000000000E+0000   4.21043249289236E+0000  2.40000000000000E+0001
 0.00000000000000E+0000   3.21908176665665E+0000  4.70000000000000E+0001
-5.04134699445068E+0001  -5.04134699445068E+0001  2.07000000000000E+0002
 0.00000000000000E+0000   5.82421174463930E+0000  2.31000000000000E+0002
 2.20488653076121E+0001   2.20488653076121E+0001  2.37000000000000E+0002
 0.00000000000000E+0000  -6.62557996235377E+0000  1.92000000000000E+0002
 0.00000000000000E+0000  -2.65363093197772E+0000  5.60000000000000E+0001
 0.00000000000000E+0000  -2.11112830074038E+0001  5.00000000000000E+0000
-3.39580814007707E+0001  -3.39580814007707E+0001  0.00000000000000E+0000
 0.00000000000000E+0000   2.44780004605578E+0001  0.00000000000000E+0000
 0.00000000000000E+0000  -1.77629230174682E+0001  4.00000000000000E+0001
 0.00000000000000E+0000   1.37234813114202E+0001  1.06000000000000E+0002
 0.00000000000000E+0000  -1.16483923209422E+0001  1.67000000000000E+0002
 0.00000000000000E+0000   6.60374828116750E+0000  5.90000000000000E+0001
 0.00000000000000E+0000  -5.32276951093248E+0000  3.90000000000000E+0001
 0.00000000000000E+0000   4.95560866405169E+0000  4.80000000000000E+0001
-5.06703486165707E+0000  -5.06703486165707E+0000  6.00000000000000E+0001
 0.00000000000000E+0000  -2.48231849882803E+0000  5.00000000000000E+0001
-6.39310100804707E+0001  -6.39310100804707E+0001  4.90000000000000E+0001
 0.00000000000000E+0000  -4.14773889078909E+0001  5.10000000000000E+0001
