     -0.769402829591
     -0.322876722022
      -1.35076407299
      -1.73468238645
       0.59276333018
       1.17501493793
     -0.721807634043
      0.587761761192
       1.18292831456
     -0.979831099453
      0.564305906878
     -0.436739263485
      -1.81987333472
   -0.00835552575166
      0.373319706659
       1.25379755868
       2.52476911263
    -0.0934318169544
      0.294186339275
      0.736750166466
     -0.859912598128
      -1.18371685521
       1.17905221542
      0.910930699258
      -0.55187313902
      -1.13551003073
      -1.11497915903
     -0.859551758934
       0.08612701199
     -0.502752578339
     -0.802683866579
     -0.427715548097
     -0.479828523897
    -0.0517674506231
       0.70432297642
      0.426437040967
     -0.848278698126
     -0.771279443378
     -0.680473974181
      -2.53940127189
      -0.33511781069
       1.76041818702
       1.64949299506
      -1.03134746958
     -0.567408462596
      -1.42436137545
       -1.3119247273
    -0.0902323016993
     -0.778012571879
     -0.781169033652
     -0.500393846493
     -0.681553024046
      0.615935114028
     -0.636813409504
     -0.767652414808
     -0.299851763762
     -0.244561094277
      -1.12734603351
       1.08501544125
     -0.318601923241
       -1.1444165118
     -0.241849546726
       1.39341915224
       1.72273969147
      -1.68555925583
     -0.112112832011
     -0.558768239996
     -0.327333475292
      0.769050578673
      0.151325578115
        1.9747926583
     -0.237167391811
       1.09105694422
       1.07891695037
     -0.648806200551
     -0.177482561911
     -0.344484062139
      -2.49000234564
      -1.18154014136
     -0.288199390526
      0.553760641879
      -1.46454383084
      -1.10503448038
    -0.0663717531459
       1.38250646011
     -0.892814582959
     -0.127748997685
       3.07499050957
      0.744074863249
     -0.284017274981
      -1.04210791155
      0.143788088644
      -1.19422939843
      -1.52808128913
     -0.543367957817
      -1.93561600887
     -0.324537905254
      0.104436925478
     -0.924459567777
      0.628424509633
     -0.844927054335
     0.0950192813778
     -0.773099471649
        1.4544985915
     -0.212480188483
     -0.471394884003
     -0.901040221072
     -0.560434814087
      -1.94772624782
      -1.44483346754
        2.4422212622
      0.302091528902
       2.85756708776
       0.70852304727
     0.0886409446014
       1.43923870806
      0.876088252537
     -0.307859475621
     -0.088359824252
    -0.0884227081489
     -0.719267177464
        1.2574723386
      -1.61963885923
      0.220822577492
      0.105702708144
      0.353100328455
      0.906435246687
      0.238093476609
     -0.829274366973
     -0.350270003423
     -0.981658317795
     -0.762158062269
      0.259398235886
     -0.135641897257
      0.456854258349
      -1.29718032272
      0.769068551025
       1.58212805099
      0.587193984315
      0.763635367422
     -0.642179292845
      -1.20844671038
     -0.091656063555
      -1.41066862478
     0.0974369262968
      0.435531359478
      0.641970873732
       1.84813018902
       -0.4810175302
      0.852720099528
     0.0722067740681
       1.22525409912
     -0.185870864968
      0.229652650026
      -1.00158763788
      0.452652451453
     -0.593975190624
     -0.474946128084
        0.4610050595
       0.24814719228
       1.56050590197
   -0.00511379221692
        1.4471016416
      0.525368575773
      -1.40201730094
     -0.259012188996
       1.11389854359
     -0.172386452972
     -0.552986837017
       1.12027110449
       1.67643899737
      0.347517064227
      0.553708924628
     0.0983992681041
     -0.872585384889
      0.770441483068
       -1.0142021015
     -0.861899023618
      0.200120380289
       1.67301784196
     -0.245935790004
      -0.95466591654
     -0.101456626296
     -0.918537556594
     -0.135147791217
      0.497857481666
      -0.49589657342
     0.0488242100269
      0.625612018582
       2.42517606593
     -0.412435947246
      0.321997089009
     -0.963140136712
      0.127689044149
      -1.17014775755
       1.19289499068
     0.0688632529884
     -0.179913130931
        -1.187840755
     -0.311658072438
     -0.760386879203
       1.88697164185
       1.45484367573
   -0.00585810062596
     -0.585266844545
       1.38568178622
      -1.84532957466
      0.164241254619
    -0.0413448571445
     -0.171640163209
     -0.477530526771
       0.26999845892
     -0.647513302984
     -0.376974401935
      0.168211267035
    -0.0773871609948
     -0.842251076645
      -0.35479034376
      -1.74161279022
     -0.369561341768
       1.35024020272
      0.421236506028
      -0.61329949351
      0.628210186905
     -0.956631902303
      0.602374771485
      0.448479597415
      0.493381358562
      0.264609621696
     -0.299937411552
     -0.844666369273
      0.696417559771
       1.11421900978
      0.268535171433
     -0.980601407944
     -0.165226238467
      0.635319888722
       1.06316949258
      0.451559381426
     -0.348729180629
     -0.363744442193
      0.278537887942
      0.334691865087
    -0.0870039109988
     -0.581013814323
     -0.183812044084
      0.702057001874
       1.53428691264
     -0.876494540297
      -0.29412373162
      -1.01390008904
     -0.325037164955
       0.87225764135
      0.759387053749
      -1.52175820232
     -0.255683776668
        0.7198137061
     -0.269692237725
       0.52018854662
     -0.257700423056
       0.34030100766
      -1.04341494901
      0.536453654354
       0.41510649935
      -1.04649103832
     -0.554671045679
    -0.0591751003621
       1.62463420583
       1.26943668202
      -0.78585403015
       1.84939171926
       1.28093958698
     -0.426166551269
      -1.45889105067
     -0.219233331782
        1.5294536621
     -0.212239296609
      0.806829773529
      0.955651026432
      -1.24519036305
     -0.934827973709
     -0.155981124289
       1.10560260901
    -0.0380136096829
       0.37392428004
      0.676796322507
      0.656260886966
      0.741163947925
     -0.223578431758
     -0.295558997816
      0.351131794069
       0.42110474468
      -1.75476981243
     -0.186478203464
      -1.87999409187
      -2.58568992553
      0.407437207069
      -1.44060641335
     -0.203843240767
     -0.163004503698
      0.189426321713
      -2.02128269206
      0.344258071478
      0.838869950851
     -0.317466692306
    -0.0257847473458
      -0.48074991334
       1.62749606803
       1.91389744072
       2.55087816468
       1.27199454276
      0.468658241852
    -0.0627064082954
     0.0810817662741
     0.0267155141661
       1.46365954305
     -0.365559353451
      -0.65429549676
      0.360685799634
      -1.31423593762
     -0.905095773531
      -1.03576835705
      0.296940386277
       1.28420800435
      -1.39219900283
     -0.874408306821
      0.168610902451
      0.757725016765
       2.82154926636
      0.537659107303
      -2.02112228548
      -1.13299496075
       1.16182340665
      -1.25522176192
     -0.949761840893
      -1.33093824097
      0.288868479824
      -1.40537679921
     -0.024018127503
     -0.106870647642
     -0.951698519088
      -1.30859744755
      0.325688438022
      -1.31617015963
      0.415407368273
      0.224114928444
      -1.47001222565
      0.621723997493
      0.278066031084
     -0.719029421601
     -0.159879913762
     -0.487810453825
      0.526900147796
       2.10859653946
     -0.832572793293
     -0.114591860197
     -0.112904521333
     -0.131417530227
       1.55715537502
    -0.0348477321331
      -1.39983130346
      -1.29215841357
       1.41299899377
       1.26487155091
      0.942890317292
      0.232497987576
     -0.108146914843
     -0.183766878047
       1.00699408854
     -0.378009989526
       0.49691038737
     -0.393624020716
      0.272710230021
      0.535509160655
      -0.55735363201
      -1.49376101432
      0.407068916358
      0.717255160873
      0.545723605532
      -1.10915135383
      -1.50252886971
      0.408704207079
       0.93304548109
      0.322865348847
      0.247049512625
     -0.500211110368
      0.143374615322
       1.35269939308
      0.502399374811
      0.717762800652
     -0.931043394595
        1.5880311838
       0.23163375032
      -1.41809760621
       0.42125060456
        1.6251818814
      0.581684878738
      -1.76989138138
     -0.695058036595
     -0.462421553534
     -0.964890812626
       0.40814063671
      0.376289897706
       0.13182628771
      0.743948117511
      -0.62200250534
      -1.02535963535
        1.1287450482
      -0.74385176951
      0.558969170002
       1.23848568838
     -0.004559494599
      -1.33756993315
     0.0712691319464
       0.25129028154
      0.256320539174
     -0.164882410663
     -0.774807826545
     -0.793837636966
       2.08431389893
       1.05456497289
       0.85641793267
      0.470670605995
     -0.800613866565
     -0.633690015711
     -0.819825700184
      0.550837700981
      0.599702874974
      -1.11444073735
        -2.477810237
     -0.410239828307
     -0.648632101273
       1.35475246426
     -0.728054636538
     -0.548108075177
      0.937510926379
      0.548011503409
      -1.86645050914
      0.145558705096
     -0.913950420838
      0.802469102718
       -1.7119891232
      0.494538086204
        1.2734538641
      -0.14667185546
     -0.608796162687
       1.55971965435
      0.447414175484
     -0.916786404963
     -0.712069989029
      0.520919485384
      0.195675702952
      0.320385887521
    -0.0765199853704
    -0.0817970129577
     -0.990504886557
     -0.164002831501
     -0.146197670374
       1.33291412841
      -2.05905263759
      0.598448862663
       0.56359231574
      -1.45703213319
       1.00773029991
     -0.321693353106
     -0.308927736281
      0.494866262186
      -2.60528901198
      -1.88987274665
     -0.650093640986
     -0.773024355905
      0.452858836552
     -0.376096733805
       1.65318299889
     -0.709508408432
      -1.23573780666
      0.700777084664
       1.54789468314
      -1.55033291644
     -0.186097144842
        1.6197249883
      -1.57287080766
      0.809323602203
     -0.992082288545
     0.0191463818608
      0.191649227882
       0.80949426287
     -0.579318041305
      0.684916306816
       2.07961595883
      -1.11544718567
     -0.194321388037
      -1.89212767162
     -0.575566105506
     -0.222135187449
      0.232671431529
       1.30349898579
         1.318640925
     -0.207664462079
     -0.689674890473
      -3.27858428702
       0.17281284873
      0.941051058069
      0.472429412798
       3.07307038672
     -0.191701888115
     -0.455004318945
     -0.959243831931
     -0.245641764396
     0.0722830860062
      -1.86117320161
      0.287952275735
     -0.828390269314
     -0.931482061698
     -0.705712902697
      0.485181339198
     0.0423510181525
      0.898786506656
      0.234678876111
    -0.0501510503191
      0.161955528705
      -1.54429014357
      0.178532181419
       -1.8471336756
      -1.42183591361
       1.08216176093
     -0.845901143449
      0.550986422047
       2.08664007492
     0.0101109403068
      -1.64324480548
      -1.16309826646
     -0.692224875089
     -0.100926047806
      0.107984092244
      -0.56074150324
     -0.284196420014
      -2.42864775217
    -0.0642618992295
     -0.132272718859
      -1.30184667825
     -0.122894502741
       1.22564058995
       2.12193758119
     -0.308635901928
      0.273576258177
      -1.73713429458
     -0.885412715834
      0.826585700985
      0.108516588462
    -0.0409964614873
       1.85240455513
       0.74029369557
       1.09686472855
     0.0958805683269
       1.51778525289
     -0.955788054514
       1.59762974074
     -0.288569829635
     -0.976404353292
     -0.175613226001
       1.43930940938
     -0.751014055949
        1.2939038058
     -0.404367968969
      -0.55457181455
     0.0194665196581
     -0.804587922998
       1.35334476728
      0.824764340715
      0.359129895749
      0.679276310133
     -0.841586466829
       1.57943802241
      0.111515389346
     -0.340428746579
       0.55130782071
      0.616044797615
       1.43902882252
      -0.56371914334
     -0.859607117284
       0.37025308598
      0.259545138571
      0.793542454155
      -1.04590568698
     -0.290082565634
      0.769278212081
      0.525235008183
     -0.296108014247
       1.01949254115
      -1.06138754679
      0.875607868856
     -0.112213682379
      0.881266996464
      0.346588922846
      -1.15802332498
     -0.556677883978
    -0.0648619357411
       1.67328880631
     0.0894336989935
      0.295254399817
      0.622065679885
       1.18269315021
       1.30246149134
    -0.0355692036866
    -0.0851724066259
     -0.645559990236
       1.89010840086
     -0.917589716606
     -0.390828463145
      -0.38834544007
       0.88883538728
    -0.0338677369624
       2.79472550568
      0.386390700683
       0.95175586263
      -1.58778900718
     -0.504923802631
     -0.134193134884
       1.60770594451
      0.219997161242
     -0.178267798527
      -2.55330405241
      0.308503333429
     -0.860019495046
      0.128529768335
     -0.824305808939
      0.474987289968
      0.333006743433
      0.614660133696
     0.0727267920371
      -1.01318282998
        1.0558408996
      0.473070628714
    -0.0412297039545
      0.497947887982
      0.990877664715
       1.08881747346
       1.13584219052
      0.407276753815
      0.774568308094
      0.668736221386
     -0.646419274342
      0.328352997935
       1.34924309216
       1.19141534924
      -1.01524875638
     -0.541453319126
       -1.0378428257
     -0.766346357278
    -0.0102329847371
     -0.674818253394
      0.867223112733
      0.675016536461
        1.3229219429
      0.314349766984
      -1.01450479281
      0.771056210455
    -0.0614239249687
      -0.69579319348
      0.710958098376
      -0.13149176868
      -1.01940067732
     -0.272356996436
      0.709641689615
     0.0317648615902
       1.13497138896
     -0.123448665138
      -1.37555306606
     -0.166615512792
     -0.270003321528
      -1.96590598971
      0.462898185886
      0.912990132158
      0.823818848741
     -0.765023850416
     -0.731863712957
      0.909823672651
    -0.0134043941114
     -0.400434846627
       1.59411873625
     -0.990217372988
     -0.719556160095
       1.69597717251
      -1.04590546433
       1.02793307615
     -0.794792239824
     -0.602518496926
       1.54760822886
      -1.62002162587
       -2.4842452767
     -0.399849901427
      -1.02890722483
      0.716784771422
     -0.100478868053
      0.392711391592
      0.215441971342
        1.0475641546
      -2.51851529701
     -0.968947320769
    -0.0957807263389
      -1.26722848648
      0.155561746063
        1.4761304339
      0.740278412247
     -0.614393527827
      0.347823173251
       1.28428110486
      0.541444936576
      0.460192517458
      -1.12736942901
      -1.63036260602
       1.29933560417
      -0.38590614187
      -0.83412490849
      -2.10735782677
      0.154034814257
      0.968978921562
     -0.983868985776
     -0.394408243045
     -0.648911073606
      0.155964086893
     -0.836075675279
     -0.230579961287
      0.931140188698
     -0.348578039649
      0.513037194747
      -0.87990783915
     -0.113838466391
      -1.68254100245
      0.660815112179
       1.29574411407
     -0.582035058487
     -0.012912089803
     -0.367944557403
      0.686438489336
      0.878612098006
      0.679990905347
       2.30205832903
       0.93515360597
      0.860700053213
       0.54841146015
      0.704027218057
       0.24435654045
     -0.656001936383
     -0.244475479689
      0.413639642409
       0.16405604155
      0.164250905185
       1.70763076547
      -2.37023851316
     0.0858955296682
       0.65280165863
       0.37894281271
   -0.00627737366424
       1.22722326319
       1.39838145006
      0.244936615502
      0.538531231196
      0.670737846901
      0.972194008197
    -0.0513098626392
    -0.0159768865428
     0.0330222340121
       1.00355344325
     -0.895499216378
     -0.493257858093
      -1.71147715754
      0.252500886165
     -0.568495496467
       1.16491264354
      0.898240223033
       1.27158075733
      0.491941307999
     -0.555542227037
      -1.38952487995
       1.43326994979
     -0.878603541086
    -0.0427493066551
     -0.715686939401
      -1.02889184217
      0.691280836383
      0.728309357793
       1.35456717221
      0.622533782806
      -1.63927057267
     -0.621622391522
      0.407881118955
     -0.742037139482
      0.404501106461
       0.64295419102
     0.0669184375713
      0.969955165766
      -1.06290958485
     -0.756913788883
      -1.90748640314
      0.277321120893
     -0.993822471907
      0.237893829244
     -0.100841472412
      0.869372525689
     0.0754743179265
      0.121216826053
      0.606498900193
     -0.702753949607
     0.0534975741467
      0.549273478849
     0.0323756006323
      -1.18707180515
      0.236182087336
    -0.0202705503221
      0.413438214993
      -1.77190882322
      -0.17716245997
       -1.2729485966
      0.242127265877
        1.8793526068
      0.144652012887
    -0.0601910779944
   0.000972092561183
       1.90255098663
      0.254671392559
      0.100861449681
      -1.35604495259
       1.83235540767
      0.828528369433
       1.68593539942
      0.723444723892
    -0.0672493347744
     -0.996291938661
      0.162906309662
     -0.668318861571
      0.522819098445
     -0.251215481511
      0.316564218491
      0.284809352106
      -1.01049228591
     -0.958522556591
      -2.06690135098
      0.707189021565
       1.16788692592
      -2.16376463507
     -0.509229019471
       2.84912851323
      0.123289578266
       1.03514846668
      0.698350774225
      -1.16250620768
     -0.789536259042
     -0.719994499992
     -0.476837264045
     -0.303023850905
      0.152111136883
     -0.688685018672
     -0.703401620276
     -0.428082822544
      -0.22865328985
     -0.324913034477
      0.463802152757
     -0.360456105851
      0.539149881817
       1.54471746874
     -0.392588696886
     -0.397339054057
      0.153510075277
      -1.49654299958
       0.85630257981
      0.760002357866
     -0.214862839812
      -2.26617946735
     -0.883617792042
      0.612927023649
      0.597035261036
     -0.878880555822
         1.452758449
      0.176395588636
      0.609502480893
      -2.20483504372
      0.797125312686
      -1.03472470778
      0.168032664516
     -0.755505260361
     -0.810861124255
      0.524210732006
      0.424314098034
       1.95655020701
      0.900526678826
      0.541086112988
       1.28855102439
     -0.688702926036
      -1.18491258055
      0.892704999639
      -1.55952175196
      0.751567600033
      -1.22241785345
        1.3778524149
       1.27685228589
       2.56704809962
      0.929601654116
      -1.53457213262
     -0.386017604018
      0.281800455785
       1.19707842933
      0.796289355979
     -0.479671994192
    -0.0049608988633
     -0.859339129342
      -2.03155790864
     -0.644246188992
      -1.20306120126
      0.874197331302
     -0.136337002211
      0.720209035736
      0.420683746243
      -1.13691078068
    -0.0754089993878
     -0.773144259705
       -0.4223256532
      0.103019878302
      -1.09757246976
     -0.537782823438
      0.756788054097
      -1.15184960993
      0.734523148262
     -0.544714908724
       1.16486279137
     -0.180885013038
     -0.401996324457
      -0.64524233456
      0.254661093903
      0.108348750501
       0.17810691238
      0.483020446741
       0.23969979858
       2.11236656511
     -0.917088760786
     -0.338074625816
      -2.01506756192
         1.251587561
       1.01726181298
       0.79558558712
      -1.53779181796
      0.246655812311
      0.207331329611
     -0.641157772748
     -0.491215477683
      -1.08803003171
      0.345770818225
       1.59954129643
     -0.655793488091
      -2.14094744728
      -1.18317580848
       1.13509710949
      -1.39892646824
       2.08459630487
     -0.734204582395
      0.549050172032
     -0.214611019099
     -0.331795037287
      -1.88719799437
     -0.868707815529
      0.255240047327
       1.10117197115
     -0.457623535251
      0.155167890399
       2.36557297243
      0.496884989793
      0.286191462577
       1.14259979375
    -0.0875803571494
       1.49936559429
     0.0637871555235
      -1.17651175218
       1.21025651088
       0.63529514919
       1.18637902858
      0.338460280617
       1.27215770546
     -0.284797503947
     -0.887084350063
       1.25244350411
        1.0644922334
      0.662422967952
      -0.28705955396
     -0.563976504675
     -0.277869686826
       1.32332830476
      0.301411649794
      0.616709585922
     0.0476821503484
       1.00215169427
     -0.517720426223
      -1.62641054824
      0.822097418296
      0.831164884763
     -0.316653839832
      0.815640723463
      0.320818990459
      -1.15999791303
      0.625230484135
      -1.29119948967
       3.26833075592
     -0.680584846989
      0.605542330808
     -0.995720027704
      -1.32556323501
       1.51430462578
      -1.25663341469
      -2.32926365263
      -1.11873659531
     -0.586093660508
      0.733092673748
     0.0664380176959
      -1.53497536284
      -1.06298641125
      0.720118033297
     -0.980774646642
     -0.281337300549
       1.08070457968
     -0.979114570819
     -0.265752584628
      0.634803743127
      0.689232330958
      0.527718051217
     -0.348496124423
      0.918718114731
      0.365588783635
       1.65920728865
      0.352668980501
      -2.13121075881
       1.13472454237
       1.45749081431
     -0.229790154546
     -0.259924625611
      -1.29087741301
       1.66373516437
       1.03866563599
      0.752543535216
      -1.02223824609
      -1.59273755421
     -0.248748013553
      -1.44323640026
     -0.586549897929
     -0.543355296727
      0.420067341009
      0.614405961972
     -0.701851114687
      -0.23393162326
      -1.44111798211
      0.756297528831
     -0.459044391083
       2.11282976433
      0.509297455031
      0.814882031582
     -0.590364507917
      -1.91536479646
      0.123500999935
      -2.03467416854
      -1.08384206676
       -2.1866652836
      0.697009983623
       1.09584118847
     0.0036428053982
      0.795860367779
      -1.44975476346
     -0.967991338271
     0.0253144718636
      -1.86856446566
      0.272345498011
     -0.675109273661
    -0.0215154176959
     -0.131199004363
       1.83787148186
     -0.918152007042
      0.925298653323
      0.910813749294
       1.88571336698
      0.277696716837
      0.526855263072
     -0.474024520974
     -0.403164770132
       1.68285434065
    -0.0101205349853
      0.127054441059
       1.71524803649
     -0.232522804266
      0.809219625532
      0.877974067783
     -0.719258008799
       1.51881152449
      -1.51179115553
      -1.43483662966
     0.0917143907985
     -0.778108222938
      0.378323447421
    -0.0889887346448
     0.0535887671155
      0.811633654899
      -1.08145349751
       1.17979682636
     -0.334174427882
      0.902405106188
    -0.0923333591164
      0.377539071547
     -0.567526218388
     -0.794532803808
      -1.52448870096
       -1.6081457191
     -0.766037283384
     -0.510960177413
    -0.0392497092754
     -0.578883714017
       2.03531782328
      0.766838457863
    -0.0526397199339
       -1.3155844447
     -0.278488156113
     -0.285294256337
      0.199990793432
      0.949851594785
       2.10506807832
      -1.11193270711
      0.621920697162
     -0.655970778838
        1.2561066768
    -0.0414854404652
       2.26587904199
      0.319114808338
     -0.544901002568
      -2.54368807054
      -1.93231456121
     -0.627392436537
     0.0517384716808
      0.870542314183
       0.71638069548
      -0.72974597225
       0.33720319843
     -0.937113299623
       1.30184253682
      -1.06400684477
       1.57967228979
     -0.736351809327
      0.303287431412
       1.63367641236
       1.11720502326
      0.142243508938
      0.171180765181
       1.30187773821
      0.872227032614
       1.44695376632
     -0.914092949812
     -0.227679500251
       -1.6570947118
       1.20669974692
      -1.49126974016
       1.20781596557
      0.391556011467
     -0.600635429376
       1.80701639003
     -0.762532199856
     -0.412855230445
     -0.146820181467
      0.686173948411
       2.31398085483
      -2.61378908757
     -0.070881520235
     -0.846983510992
      0.485870890684
        1.1875950378
      0.136988757125
